0.000000000000000e+000,	3.034342e-005
1.000000000000000e-010,	3.167526e-005
4.312514315638512e-009,	3.165267e-005
8.525028631277024e-009,	3.161774e-005
1.273754294691554e-008,	3.157046e-005
1.695005726255405e-008,	3.151085e-005
2.116257157819256e-008,	3.143889e-005
2.537508589383107e-008,	3.135459e-005
2.958760020946958e-008,	3.125796e-005
5.839535473466868e-008,	3.068128e-005
8.448055696056354e-008,	3.028187e-005
1.239630922349366e-007,	3.000257e-005
1.716639445423762e-007,	2.998840e-005
2.360742293623342e-007,	3.014453e-005
3.153554913617368e-007,	3.028431e-005
3.952870817068237e-007,	3.032602e-005
5.073493831234401e-007,	3.032842e-005
9.885550416914051e-007,	3.033069e-005
4.777470116179467e-005,	3.650953e-005
9.456084728189792e-005,	5.127539e-005
1.413469934020012e-004,	7.462826e-005
1.881331395221045e-004,	1.065682e-004
2.349192856422077e-004,	1.470951e-004
2.817054317623110e-004,	1.962090e-004
3.284915778824142e-004,	2.539100e-004
5.627837239959679e-004,	6.204995e-004
7.903272256645450e-004,	1.124821e-003
1.073333922977637e-003,	1.928133e-003
1.397354786730597e-003,	2.995687e-003
1.862867390774989e-003,	4.588894e-003
2.336544654344307e-003,	6.004811e-003
2.824825904344307e-003,	6.925616e-003
3.313107154344307e-003,	7.007030e-003
3.801388404344307e-003,	6.049492e-003
4.289669654344307e-003,	3.997691e-003
4.777950904344307e-003,	9.545145e-004
5.266232154344307e-003,	-2.820038e-003
5.717437141088973e-003,	-6.641704e-003
6.162671353278490e-003,	-1.033637e-002
6.650952603278490e-003,	-1.382646e-002
7.139233853278490e-003,	-1.628189e-002
7.627515103278490e-003,	-1.728997e-002
8.115796353278491e-003,	-1.658170e-002
8.604077603278491e-003,	-1.406615e-002
9.092358853278491e-003,	-9.852826e-003
9.580640103278491e-003,	-4.251560e-003
1.006892135327849e-002,	2.250620e-003
1.055720260327849e-002,	9.049689e-003
1.100389940513600e-002,	1.492249e-002
1.149218065513600e-002,	2.029914e-002
1.198046190513600e-002,	2.402544e-002
1.246874315513600e-002,	2.560941e-002
1.295283353227651e-002,	2.477565e-002
1.344111478227651e-002,	2.146477e-002
1.392939603227651e-002,	1.589170e-002
1.441767728227651e-002,	8.500762e-003
1.490595853227651e-002,	-5.298135e-005
1.539423978227651e-002,	-8.990756e-003
1.583589032344248e-002,	-1.668589e-002
1.628424892667187e-002,	-2.336733e-002
1.677253017667187e-002,	-2.869850e-002
1.726081142667187e-002,	-3.148309e-002
1.774909267667187e-002,	-3.139270e-002
1.819466725798660e-002,	-2.860750e-002
1.868294850798660e-002,	-2.278991e-002
1.917122975798660e-002,	-1.468328e-002
1.965951100798660e-002,	-4.944624e-003
2.014779225798660e-002,	5.537380e-003
2.060172223524541e-002,	1.508615e-002
2.106175340926355e-002,	2.372700e-002
2.150219170203965e-002,	3.024217e-002
2.199047295203965e-002,	3.481171e-002
2.247875420203965e-002,	3.627023e-002
2.294072422438459e-002,	3.445878e-002
2.342900547438459e-002,	2.928834e-002
2.391728672438459e-002,	2.129629e-002
2.440556797438459e-002,	1.115448e-002
2.489384922438459e-002,	-2.008454e-004
2.537776528813323e-002,	-1.163965e-002
2.581353320829944e-002,	-2.121240e-002
2.624884872790942e-002,	-2.926800e-002
2.668758120267827e-002,	-3.515447e-002
2.717586245267827e-002,	-3.858194e-002
2.766414370267827e-002,	-3.855503e-002
2.810856056253860e-002,	-3.528204e-002
2.859684181253860e-002,	-2.840942e-002
2.908512306253860e-002,	-1.887211e-002
2.957340431253860e-002,	-7.472234e-003
3.006168556253860e-002,	4.740612e-003
3.051078271916704e-002,	1.568542e-002
3.099587017001210e-002,	2.617984e-002
3.144258250415557e-002,	3.373889e-002
3.193086375415557e-002,	3.892197e-002
3.241914500415557e-002,	4.059042e-002
3.287657317105774e-002,	3.868525e-002
3.333842580152977e-002,	3.341776e-002
3.382670705152977e-002,	2.480796e-002
3.431498830152977e-002,	1.389190e-002
3.480326955152977e-002,	1.637816e-003
3.523819234500028e-002,	-9.502664e-003
3.567768178575238e-002,	-2.000883e-002
3.616596303575238e-002,	-2.983924e-002
3.664856321454692e-002,	-3.691430e-002
3.709559646673663e-002,	-4.048326e-002
3.752997076983324e-002,	-4.082717e-002
3.796991708355443e-002,	-3.797437e-002
3.845819833355443e-002,	-3.146020e-002
3.894647958355443e-002,	-2.209638e-002
3.943476083355443e-002,	-1.067540e-002
3.992304208355443e-002,	1.738092e-003
4.037488800971444e-002,	1.312802e-002
4.080911052342793e-002,	2.301647e-002
4.129739177342793e-002,	3.205642e-002
4.174316752363563e-002,	3.766931e-002
4.223144877363563e-002,	4.043136e-002
4.267065084921005e-002,	3.973334e-002
4.311421469419451e-002,	3.581995e-002
4.360249594419451e-002,	2.837641e-002
4.409077719419451e-002,	1.840255e-002
4.457905844419451e-002,	6.765773e-003
4.506733969419451e-002,	-5.460621e-003
4.550701359011905e-002,	-1.599110e-002
4.599529484011905e-002,	-2.611550e-002
4.648357609011905e-002,	-3.375710e-002
4.697185734011905e-002,	-3.827565e-002
4.741499707273175e-002,	-3.924722e-002
4.786573703271443e-002,	-3.706288e-002
4.830411374855367e-002,	-3.205796e-002
4.879239499855367e-002,	-2.370290e-002
4.928067624855367e-002,	-1.328579e-002
4.976895749855367e-002,	-1.703982e-003
5.020200782427708e-002,	8.692166e-003
5.063951989815445e-002,	1.841665e-002
5.112780114815445e-002,	2.747490e-002
5.161608239815445e-002,	3.397868e-002
5.207251145099103e-002,	3.719359e-002
5.250536368466165e-002,	3.735831e-002
5.294358471525196e-002,	3.461997e-002
5.343123900907182e-002,	2.858432e-002
5.391952025907182e-002,	2.003386e-002
5.440780150907182e-002,	9.716148e-003
5.489608275907182e-002,	-1.402260e-003
5.534250514527216e-002,	-1.140556e-002
5.577593685224141e-002,	-2.011802e-002
5.626421810224141e-002,	-2.797507e-002
5.675249935224141e-002,	-3.317386e-002
5.724078060224141e-002,	-3.529295e-002
5.768441267704079e-002,	-3.434718e-002
5.812317434785874e-002,	-3.068592e-002
5.861145559785874e-002,	-2.397218e-002
5.909973684785874e-002,	-1.519221e-002
5.958801809785874e-002,	-5.113334e-003
6.002277547336408e-002,	4.211428e-003
6.046237316314862e-002,	1.318829e-002
6.094042906026883e-002,	2.163060e-002
6.142871031026883e-002,	2.814994e-002
6.191699156026883e-002,	3.202250e-002
6.237184495844030e-002,	3.291687e-002
6.282062569996427e-002,	3.115290e-002
6.325270928645718e-002,	2.708822e-002
6.374099053645718e-002,	2.020553e-002
6.422927178645718e-002,	1.163365e-002
6.471755303645718e-002,	2.110060e-003
6.514981909601811e-002,	-6.416463e-003
6.558650068175781e-002,	-1.438887e-002
6.607478193175781e-002,	-2.183595e-002
6.656306318175781e-002,	-2.715871e-002
6.705134443175781e-002,	-2.994240e-002
6.748893946818803e-002,	-3.002894e-002
6.793100382282191e-002,	-2.773825e-002
6.839703514775690e-002,	-2.306652e-002
6.888531639775690e-002,	-1.621158e-002
6.937359764775690e-002,	-7.998933e-003
6.986187889775690e-002,	8.234524e-004
7.030707265601499e-002,	8.716878e-003
7.074005741742907e-002,	1.558684e-002
7.122833866742907e-002,	2.177752e-002
7.171661991742907e-002,	2.587203e-002
7.220490116742907e-002,	2.753661e-002
7.266050317879455e-002,	2.677886e-002
7.309834504870512e-002,	2.393319e-002
7.358662629870512e-002,	1.871974e-002
7.407490754870512e-002,	1.193781e-002
7.456318879870512e-002,	4.185448e-003
7.499661068522077e-002,	-2.938543e-003
7.543461860760470e-002,	-9.775130e-003
7.590530061864502e-002,	-1.611748e-002
7.639358186864502e-002,	-2.109211e-002
7.688186311864502e-002,	-2.401971e-002
7.737014436864502e-002,	-2.470831e-002
7.781639868083420e-002,	-2.332393e-002
7.825278626286225e-002,	-2.015694e-002
7.874106751286225e-002,	-1.493345e-002
7.922934876286225e-002,	-8.491917e-003
7.971763001286225e-002,	-1.394661e-003
8.014882287219506e-002,	4.897821e-003
8.058432982914777e-002,	1.073799e-002
8.107261107914777e-002,	1.616467e-002
8.156089232914777e-002,	1.999986e-002
8.204917357914777e-002,	2.195562e-002
8.248657056150482e-002,	2.194460e-002
8.292820261129459e-002,	2.020276e-002
8.340363077826273e-002,	1.666872e-002
8.389191202826273e-002,	1.164755e-002
8.438019327826273e-002,	5.684308e-003
8.486847452826273e-002,	-6.692990e-004
8.530812206626272e-002,	-6.242513e-003
8.574077562413318e-002,	-1.111623e-002
8.622905687413318e-002,	-1.547665e-002
8.671733812413318e-002,	-1.832427e-002
8.720561937413318e-002,	-1.945529e-002
8.764158116102287e-002,	-1.891463e-002
8.808149309708367e-002,	-1.691893e-002
8.852032839741068e-002,	-1.369880e-002
8.897423864174585e-002,	-9.364581e-003
8.946251989174585e-002,	-4.016310e-003
8.989849984807739e-002,	9.749369e-004
9.034002685120311e-002,	5.850628e-003
9.077035388813388e-002,	1.003808e-002
9.125863513813388e-002,	1.376386e-002
9.174691638813388e-002,	1.614915e-002
9.223519763813388e-002,	1.702653e-002
9.267138254956167e-002,	1.645921e-002
9.311140079164934e-002,	1.460786e-002
9.359968204164934e-002,	1.134967e-002
9.408796329164934e-002,	7.174897e-003
9.457624454164934e-002,	2.457197e-003
9.500795065813436e-002,	-1.819502e-003
9.544413144261549e-002,	-5.884904e-003
9.591671250116275e-002,	-9.650361e-003
9.640499375116275e-002,	-1.255436e-002
9.689327500116275e-002,	-1.422264e-002
9.738155625116275e-002,	-1.455196e-002
9.783897749801895e-002,	-1.364209e-002
9.827678365757968e-002,	-1.173524e-002
9.871227993724915e-002,	-9.009317e-003
9.915072066090049e-002,	-5.663638e-003
9.963900191090049e-002,	-1.572211e-003
1.000729541488594e-001,	2.094444e-003
1.005113587495113e-001,	5.527440e-003
1.009996399995113e-001,	8.733845e-003
1.014879212495113e-001,	1.105228e-002
1.019762024995113e-001,	1.228571e-002
1.024644837495113e-001,	1.238207e-002
1.029053690841442e-001,	1.147710e-002
1.033691199860800e-001,	9.596581e-003
1.038574012360800e-001,	6.844661e-003
1.043456824860800e-001,	3.570579e-003
1.048339637360800e-001,	7.785506e-005
1.052975005859052e-001,	-3.152837e-003
1.057286472040709e-001,	-5.819865e-003
1.062169284540709e-001,	-8.212613e-003
1.067052097040709e-001,	-9.783902e-003
1.071934909540709e-001,	-1.040284e-002
1.076817722040709e-001,	-1.006743e-002
1.081213065609107e-001,	-8.962738e-003
1.086095878109107e-001,	-6.981573e-003
1.090978690609107e-001,	-4.455671e-003
1.095425555928849e-001,	-1.862020e-003
1.099663226084787e-001,	6.780444e-004
1.103947404833352e-001,	3.114123e-003
1.108404894730252e-001,	5.314696e-003
1.113287707230252e-001,	7.167441e-003
1.118170519730252e-001,	8.310040e-003
1.123053332230252e-001,	8.656086e-003
1.127898050625658e-001,	8.224207e-003
1.132309179041746e-001,	7.191153e-003
1.136999906787685e-001,	5.532323e-003
1.141882719287685e-001,	3.395049e-003
1.146765531787685e-001,	1.038075e-003
1.151069345087374e-001,	-1.053043e-003
1.155414803740003e-001,	-3.001291e-003
1.160287865671601e-001,	-4.827918e-003
1.165170678171601e-001,	-6.149793e-003
1.170053490671601e-001,	-6.856276e-003
1.174936303171601e-001,	-6.915705e-003
1.179586584830337e-001,	-6.387467e-003
1.184032722079204e-001,	-5.390170e-003
1.188915534579204e-001,	-3.871468e-003
1.193798347079204e-001,	-2.076835e-003
1.198245408453304e-001,	-3.356905e-004
1.202892879583819e-001,	1.443161e-003
1.207141458230373e-001,	2.897349e-003
1.212024270730373e-001,	4.240145e-003
1.216907083230373e-001,	5.150671e-003
1.221789895730373e-001,	5.557603e-003
1.226672708230373e-001,	5.457162e-003
1.231144897195391e-001,	4.930092e-003
1.236027709695391e-001,	3.952521e-003
1.240844916774212e-001,	2.695902e-003
1.245727729274212e-001,	1.244897e-003
1.250035226288510e-001,	-7.483079e-005
1.254518239655779e-001,	-1.381521e-003
1.258763834276165e-001,	-2.458367e-003
1.263646646776165e-001,	-3.418545e-003
1.268529459276165e-001,	-4.028928e-003
1.273412271776165e-001,	-4.245184e-003
1.278295084276165e-001,	-4.074786e-003
1.282820860492978e-001,	-3.594507e-003
1.287439393867104e-001,	-2.834603e-003
1.292322206367104e-001,	-1.830482e-003
1.297205018867104e-001,	-7.188734e-004
1.301662756363287e-001,	3.062548e-004
1.306001588028881e-001,	1.233486e-003
1.310572094752287e-001,	2.060882e-003
1.315454907252287e-001,	2.719807e-003
1.320337719752287e-001,	3.106298e-003
1.325220532252287e-001,	3.201512e-003
1.329957600107831e-001,	3.023335e-003
1.334588143343560e-001,	2.615973e-003
1.339470955843560e-001,	1.992741e-003
1.344353768343560e-001,	1.240784e-003
1.349236580843560e-001,	4.305524e-004
1.353575175551129e-001,	-2.788589e-004
1.357946849174229e-001,	-9.269620e-004
1.362708942159144e-001,	-1.508709e-003
1.367591754659144e-001,	-1.935636e-003
1.372474567159144e-001,	-2.165685e-003
1.377357379659144e-001,	-2.192401e-003
1.382240192159144e-001,	-2.029233e-003
1.387040260268777e-001,	-1.710059e-003
1.391923072768777e-001,	-1.263947e-003
1.396805885268777e-001,	-7.439408e-004
1.401688697768777e-001,	-1.992849e-004
1.406430684259741e-001,	3.094734e-004
1.410771769158841e-001,	7.207348e-004
1.415654581658841e-001,	1.090940e-003
1.420537394158841e-001,	1.346917e-003
1.425420206658841e-001,	1.475872e-003
1.430303019158841e-001,	1.479057e-003
1.435185831658841e-001,	1.368167e-003
1.440068644158841e-001,	1.163189e-003
1.444951456658841e-001,	8.897299e-004
1.449834269158841e-001,	5.761405e-004
1.454717081658841e-001,	2.507382e-004
1.459599894158841e-001,	-6.113238e-005
1.464256175314121e-001,	-3.252361e-004
1.469138987814121e-001,	-5.514997e-004
1.474021800314121e-001,	-7.170637e-004
1.478904612814121e-001,	-8.171201e-004
1.483787425314121e-001,	-8.526884e-004
1.488670237814121e-001,	-8.290795e-004
1.493553050314121e-001,	-7.546718e-004
1.498435862814121e-001,	-6.396560e-004
1.503318675314121e-001,	-4.948987e-004
1.508201487814121e-001,	-3.311065e-004
1.512807434255969e-001,	-1.677012e-004
1.517096435701223e-001,	-1.448333e-005
1.521979248201223e-001,	1.541423e-004
1.526862060701223e-001,	3.106823e-004
1.531744873201223e-001,	4.492733e-004
1.536627685701223e-001,	5.646900e-004
1.541510498201223e-001,	6.520968e-004
1.546393310701223e-001,	7.070290e-004
1.551276123201223e-001,	7.255661e-004
1.556158935701223e-001,	7.046938e-004
1.561041748201223e-001,	6.428105e-004
1.565924560701223e-001,	5.403004e-004
1.570807373201223e-001,	4.000723e-004
1.575690185701223e-001,	2.279533e-004
1.580572998201223e-001,	3.283611e-005
1.585455810701223e-001,	-1.734997e-004
1.590338623201223e-001,	-3.769338e-004
1.595221435701223e-001,	-5.619142e-004
1.600104248201223e-001,	-7.126752e-004
1.604987060701223e-001,	-8.146646e-004
1.609869873201223e-001,	-8.560410e-004
1.614752685701223e-001,	-8.315092e-004
1.618967482853918e-001,	-7.531094e-004
1.623169744581593e-001,	-6.223440e-004
1.627123506328214e-001,	-4.556419e-004
1.632006318828214e-001,	-2.055166e-004
1.636889131328214e-001,	7.336609e-005
1.641771943828214e-001,	3.613328e-004
1.646654756328214e-001,	6.337903e-004
1.651537568828214e-001,	8.660865e-004
1.656420381328214e-001,	1.035822e-003
1.661303193828214e-001,	1.125091e-003
1.666186006328214e-001,	1.122409e-003
1.671068818828214e-001,	1.024139e-003
1.675951631328214e-001,	8.352184e-004
1.680834443828214e-001,	5.691038e-004
1.685717256328214e-001,	2.468883e-004
1.690600068828214e-001,	-1.043811e-004
1.695454904223598e-001,	-4.521905e-004
1.700260003106538e-001,	-7.640226e-004
1.705142815606538e-001,	-1.018516e-003
1.710025628106538e-001,	-1.185795e-003
1.714908440606538e-001,	-1.248039e-003
1.719791253106538e-001,	-1.196810e-003
1.724674065606538e-001,	-1.033923e-003
1.729556878106538e-001,	-7.715667e-004
1.734439690606538e-001,	-4.314332e-004
1.739322503106538e-001,	-4.293050e-005
1.744205315606538e-001,	3.601117e-004
1.748735239241363e-001,	7.141521e-004
1.753618051741363e-001,	1.040252e-003
1.758500864241363e-001,	1.280535e-003
1.763383676741363e-001,	1.410767e-003
1.768266489241363e-001,	1.417227e-003
1.773149301741363e-001,	1.297441e-003
1.778032114241363e-001,	1.060606e-003
1.782914926741363e-001,	7.269123e-004
1.787797739241363e-001,	3.258163e-004
1.792680551741363e-001,	-1.069281e-004
1.797315636243670e-001,	-5.115875e-004
1.801938001173858e-001,	-8.732078e-004
1.806820813673858e-001,	-1.176696e-003
1.811703626173858e-001,	-1.373069e-003
1.816586438673858e-001,	-1.442437e-003
1.821469251173858e-001,	-1.377373e-003
1.826352063673858e-001,	-1.182871e-003
1.831234876173858e-001,	-8.759729e-004
1.836117688673858e-001,	-4.842794e-004
1.841000501173858e-001,	-4.344066e-005
1.845883313673858e-001,	4.072996e-004
1.850318786597340e-001,	7.888466e-004
1.855201599097340e-001,	1.141040e-003
1.860084411597340e-001,	1.393466e-003
1.864967224097340e-001,	1.521308e-003
1.869850036597340e-001,	1.512419e-003
1.874732849097340e-001,	1.367307e-003
1.879615661597340e-001,	1.099125e-003
1.884498474097340e-001,	7.324743e-004
1.889381286597340e-001,	3.011324e-004
1.894264099097340e-001,	-1.557990e-004
1.898770327534077e-001,	-5.632527e-004
1.903555923099315e-001,	-9.425979e-004
1.908438735599315e-001,	-1.240576e-003
1.913321548099315e-001,	-1.421502e-003
1.918204360599315e-001,	-1.468465e-003
1.923087173099315e-001,	-1.377375e-003
1.927969985599315e-001,	-1.156956e-003
1.932852798099315e-001,	-8.279150e-004
1.937735610599315e-001,	-4.209788e-004
1.942618423099315e-001,	2.621766e-005
1.947296266259972e-001,	4.553327e-004
1.951695364186835e-001,	8.238999e-004
1.956578176686835e-001,	1.158804e-003
1.961460989186835e-001,	1.389578e-003
1.966343801686835e-001,	1.493950e-003
1.971226614186835e-001,	1.462944e-003
1.976109426686835e-001,	1.300183e-003
1.980992239186835e-001,	1.021484e-003
1.985875051686835e-001,	6.533195e-004
1.990757864186835e-001,	2.302906e-004
1.995640676686835e-001,	-2.091893e-004
2.000054901863639e-001,	-5.854298e-004
2.004937714363639e-001,	-9.418676e-004
2.009820526863639e-001,	-1.206965e-003
2.014703339363639e-001,	-1.355919e-003
2.019586151863639e-001,	-1.375923e-003
2.024468964363639e-001,	-1.266225e-003
2.029351776863639e-001,	-1.038093e-003
2.034234589363639e-001,	-7.136690e-004
2.039117401863639e-001,	-3.238121e-004
2.044000214363639e-001,	9.538044e-005
2.048515356969775e-001,	4.757902e-004
2.053053470259021e-001,	8.175492e-004
2.057936282759021e-001,	1.109947e-003
2.062819095259021e-001,	1.300863e-003
2.067701907759021e-001,	1.372679e-003
2.072584720259021e-001,	1.320076e-003
2.077467532759021e-001,	1.149314e-003
2.082350345259021e-001,	8.775174e-004
2.087233157759021e-001,	5.309614e-004
2.092115970259021e-001,	1.422418e-004
2.096498882976318e-001,	-2.136735e-004
2.100923039243656e-001,	-5.491761e-004
2.105805851743656e-001,	-8.618692e-004
2.110688664243656e-001,	-1.089370e-003
2.115571476743656e-001,	-1.210788e-003
2.120454289243656e-001,	-1.216331e-003
2.125337101743656e-001,	-1.107057e-003
2.130219914243656e-001,	-8.946247e-004
2.135102726743656e-001,	-6.000719e-004
2.139985539243656e-001,	-2.517314e-004
2.144868351743656e-001,	1.181265e-004
2.149329876849237e-001,	4.454022e-004
2.154054511650554e-001,	7.504944e-004
2.158937324150554e-001,	9.956367e-004
2.163820136650554e-001,	1.148685e-003
2.168702949150554e-001,	1.196485e-003
2.173585761650554e-001,	1.136275e-003
2.178468574150554e-001,	9.753193e-004
2.183351386650554e-001,	7.300680e-004
2.188234199150554e-001,	4.244931e-004
2.193117011650554e-001,	8.735496e-005
2.197484504676678e-001,	-2.158822e-004
2.201892108817979e-001,	-4.974974e-004
2.206774921317979e-001,	-7.563090e-004
2.211657733817979e-001,	-9.393392e-004
2.216540546317979e-001,	-1.030045e-003
2.221423358817979e-001,	-1.021699e-003
2.226306171317979e-001,	-9.168362e-004
2.231188983817979e-001,	-7.268504e-004
2.236071796317979e-001,	-4.707820e-004
2.240954608817979e-001,	-1.734192e-004
2.245837421317979e-001,	1.377918e-004
2.250249416829558e-001,	4.060170e-004
2.255132229329558e-001,	6.627627e-004
2.260015041829558e-001,	8.571780e-004
2.264897854329558e-001,	9.719057e-004
2.269780666829558e-001,	9.979501e-004
2.274663479329558e-001,	9.346666e-004
2.279546291829558e-001,	7.896560e-004
2.284429104329558e-001,	5.778972e-004
2.289311916829558e-001,	3.202161e-004
2.294194729329558e-001,	4.079834e-005
2.298553944286355e-001,	-2.062389e-004
2.302951489602245e-001,	-4.319007e-004
2.307834302102245e-001,	-6.355977e-004
2.312717114602245e-001,	-7.748326e-004
2.317599927102245e-001,	-8.372584e-004
2.322482739602245e-001,	-8.188006e-004
2.327365552102245e-001,	-7.229180e-004
2.332248364602245e-001,	-5.601184e-004
2.337131177102245e-001,	-3.468342e-004
2.342013989602245e-001,	-1.036784e-004
2.346402617415098e-001,	1.221119e-004
2.350832324944240e-001,	3.377594e-004
2.355715137444240e-001,	5.420038e-004
2.360597949944240e-001,	6.952313e-004
2.365480762444240e-001,	7.840183e-004
2.370363574944240e-001,	8.017342e-004
2.375246387444240e-001,	7.484371e-004
2.380129199944240e-001,	6.307086e-004
2.385012012444240e-001,	4.608922e-004
2.389894824944240e-001,	2.558167e-004
2.394777637444240e-001,	3.475893e-005
2.399142157129812e-001,	-1.598634e-004
2.403543519557813e-001,	-3.365802e-004
2.408426332057813e-001,	-4.948801e-004
2.413309144557813e-001,	-6.019487e-004
2.418191957057813e-001,	-6.485289e-004
2.423074769557813e-001,	-6.319039e-004
2.427957582057813e-001,	-5.552249e-004
2.432840394557813e-001,	-4.270691e-004
2.437723207057813e-001,	-2.605096e-004
2.442606019557813e-001,	-7.169674e-005
2.446999309823139e-001,	1.029716e-004
2.451432262457779e-001,	2.689558e-004
2.456315074957779e-001,	4.252513e-004
2.461197887457779e-001,	5.417371e-004
2.466080699957779e-001,	6.084151e-004
2.470963512457779e-001,	6.205665e-004
2.475846324957779e-001,	5.785959e-004
2.480729137457779e-001,	4.878502e-004
2.485611949957779e-001,	3.579891e-004
2.490494762457779e-001,	2.019760e-004
2.495377574957779e-001,	3.450037e-005
2.499756575356250e-001,	-1.128714e-004
2.504170521240461e-001,	-2.460984e-004
2.509053333740461e-001,	-3.645713e-004
2.513936146240461e-001,	-4.442174e-004
2.518818958740461e-001,	-4.783655e-004
2.523701771240461e-001,	-4.652640e-004
2.528584583740461e-001,	-4.075284e-004
2.533467396240461e-001,	-3.117692e-004
2.538350208740461e-001,	-1.878646e-004
2.543233021240461e-001,	-4.795606e-005
2.548115833740461e-001,	9.512359e-005
2.552524269093994e-001,	2.156106e-004
2.557407081593994e-001,	3.281828e-004
2.562289894093994e-001,	4.105826e-004
2.567172706593994e-001,	4.559089e-004
2.572055519093994e-001,	4.612376e-004
2.576938331593994e-001,	4.273812e-004
2.581821144093994e-001,	3.586917e-004
2.586703956593994e-001,	2.625466e-004
2.591586769093994e-001,	1.485751e-004
2.596469581593994e-001,	2.770415e-005
2.605757356949374e-001,	-1.822866e-004
2.610640169449374e-001,	-2.628569e-004
2.615522981949374e-001,	-3.146686e-004
2.620405794449374e-001,	-3.335782e-004
2.625288606949374e-001,	-3.190255e-004
2.630171419449374e-001,	-2.735041e-004
2.639937044449374e-001,	-1.125454e-004
2.649702669449374e-001,	8.672704e-005
2.659021904905380e-001,	2.460202e-004
2.663904717405380e-001,	3.000811e-004
2.668787529905380e-001,	3.279406e-004
2.673670342405380e-001,	3.280826e-004
2.678553154905380e-001,	3.015499e-004
2.688318779905380e-001,	1.840540e-004
2.698084404905380e-001,	2.279193e-005
2.707424792253046e-001,	-1.185373e-004
2.717190417253046e-001,	-2.040371e-004
2.722073229753046e-001,	-2.147253e-004
2.731838854753046e-001,	-1.714097e-004
2.741604479753046e-001,	-6.310699e-005
2.751113731917133e-001,	6.483541e-005
2.760517391590864e-001,	1.700116e-004
2.770283016590864e-001,	2.236188e-004
2.780048641590864e-001,	2.076414e-004
2.794697079090864e-001,	8.390908e-005
2.809030266274448e-001,	-5.900778e-005
2.818778479344838e-001,	-1.145213e-004
2.828544104344838e-001,	-1.172575e-004
2.843192541844838e-001,	-3.570565e-005
2.857511211006886e-001,	7.766678e-005
2.872159648506886e-001,	1.443469e-004
2.886808086006886e-001,	1.238887e-004
2.901456523506886e-001,	4.364415e-005
2.907733418845827e-001,	3.431221e-006
2.914010314184769e-001,	-2.641277e-005
2.920287209523710e-001,	-4.588782e-005
2.926564104862652e-001,	-5.499394e-005
2.932841000201593e-001,	-5.373111e-005
2.939117895540535e-001,	-4.209935e-005
2.945394790879476e-001,	-2.009866e-005
2.952370237308048e-001,	1.660690e-005
2.959345683736619e-001,	4.599161e-005
2.966321130165191e-001,	6.805547e-005
2.973296576593762e-001,	8.279847e-005
2.980272023022333e-001,	9.022063e-005
2.987247469450905e-001,	9.032194e-005
2.994222915879476e-001,	8.310239e-005
3.001198362308048e-001,	5.819335e-005
3.008173808736619e-001,	3.664454e-005
3.015149255165191e-001,	1.845596e-005
3.022124701593762e-001,	3.627618e-006
3.029100148022333e-001,	-7.840497e-006
3.036075594450905e-001,	-1.594838e-005
3.043051040879476e-001,	-2.069603e-005
3.050724031950905e-001,	-3.724662e-006
3.058397023022333e-001,	1.229059e-005
3.066070014093762e-001,	2.734973e-005
3.073743005165191e-001,	4.145274e-005
3.081415996236619e-001,	5.459964e-005
3.089088987308048e-001,	6.679042e-005
3.096761978379476e-001,	7.802508e-005
3.104434969450905e-001,	6.514272e-005
3.112107960522333e-001,	5.196059e-005
3.119780951593762e-001,	3.847870e-005
3.127453942665191e-001,	2.469703e-005
3.135126933736619e-001,	1.061561e-005
3.142799924808048e-001,	-3.765588e-006
3.150472915879476e-001,	-1.844655e-005
3.157448362308048e-001,	-9.408138e-006
3.164423808736619e-001,	1.261822e-006
3.171399255165191e-001,	1.356333e-005
3.178374701593762e-001,	2.749639e-005
3.185350148022333e-001,	4.306100e-005
3.192325594450905e-001,	6.025716e-005
3.199301040879476e-001,	7.908487e-005
3.206276487308048e-001,	7.606472e-005
3.213251933736619e-001,	6.953253e-005
3.220227380165191e-001,	5.948829e-005
3.227202826593762e-001,	4.593201e-005
3.234178273022333e-001,	2.886368e-005
3.241153719450905e-001,	8.283311e-006
3.248129165879476e-001,	-1.580911e-005
3.255104612308048e-001,	-1.838991e-005
3.262080058736619e-001,	-1.592734e-005
3.269055505165191e-001,	-8.421418e-006
3.276030951593762e-001,	4.127873e-006
3.283006398022333e-001,	2.172053e-005
3.289981844450905e-001,	4.435655e-005
3.296957290879476e-001,	7.203593e-005
3.303932737308048e-001,	7.962711e-005
3.310908183736619e-001,	8.099022e-005
3.317883630165191e-001,	7.612525e-005
3.324859076593762e-001,	6.503221e-005
3.331834523022333e-001,	4.771109e-005
3.338809969450905e-001,	2.416189e-005
3.345785415879476e-001,	-5.615381e-006
3.352755295599741e-001,	-1.752071e-005
3.359725175320006e-001,	-2.234751e-005
3.366695055040271e-001,	-2.009580e-005
3.373664934760536e-001,	-1.076558e-005
3.380634814480801e-001,	5.643165e-006
3.387604694201066e-001,	2.913043e-005
3.394574573921331e-001,	5.969620e-005
3.402247564992760e-001,	7.424452e-005
3.409920556064188e-001,	8.077835e-005
3.417593547135617e-001,	7.929770e-005
3.425266538207046e-001,	6.980256e-005
3.432939529278474e-001,	5.229294e-005
3.440612520349903e-001,	2.676883e-005
3.448285511421331e-001,	-6.769760e-006
3.455250684021912e-001,	-1.698495e-005
3.462215856622493e-001,	-2.056646e-005
3.469181029223074e-001,	-1.751428e-005
3.476146201823655e-001,	-7.828426e-006
3.483111374424236e-001,	8.491115e-006
3.490076547024817e-001,	3.144434e-005
3.497041719625398e-001,	6.103125e-005
3.504017166053969e-001,	7.399411e-005
3.510992612482541e-001,	8.001580e-005
3.517968058911112e-001,	7.909631e-005
3.524943505339683e-001,	7.123564e-005
3.531918951768255e-001,	5.643380e-005
3.538894398196826e-001,	3.469077e-005
3.545869844625398e-001,	6.006569e-006
3.553542675707476e-001,	-8.214784e-006
3.561215506789555e-001,	-1.505093e-005
3.568888337871633e-001,	-1.450186e-005
3.576561168953711e-001,	-6.567582e-006
3.584234000035789e-001,	8.751906e-006
3.591906831117868e-001,	3.145660e-005
3.599579662199946e-001,	6.154651e-005
3.607252653271375e-001,	6.946583e-005
3.614925644342803e-001,	7.155976e-005
3.622598635414231e-001,	6.782829e-005
3.630271626485661e-001,	5.827141e-005
3.637944617557089e-001,	4.288915e-005
3.645617608628518e-001,	2.168148e-005
3.653290599699946e-001,	-5.351585e-006
3.660266046128518e-001,	-9.214685e-006
3.667241492557089e-001,	-8.658979e-006
3.674216938985661e-001,	-3.684466e-006
3.681192385414231e-001,	5.708854e-006
3.688167831842803e-001,	1.952098e-005
3.695143278271375e-001,	3.775191e-005
3.702118724699946e-001,	6.040165e-005
3.709791715771375e-001,	6.462423e-005
3.717464706842803e-001,	6.446207e-005
3.725137697914231e-001,	5.991518e-005
3.732810688985661e-001,	5.098355e-005
3.740483680057089e-001,	3.766718e-005
3.748156671128518e-001,	1.996607e-005
3.755829662199946e-001,	-2.119767e-006
3.763502653271375e-001,	-1.311242e-006
3.771175644342803e-001,	2.326974e-006
3.778848635414231e-001,	8.794881e-006
3.786521626485661e-001,	1.809248e-005
3.794194617557089e-001,	3.021977e-005
3.801867608628518e-001,	4.517675e-005
3.809540599699946e-001,	6.296342e-005
3.817213590771375e-001,	5.811502e-005
3.824886581842803e-001,	5.185902e-005
3.832559572914231e-001,	4.419541e-005
3.840232563985661e-001,	3.512419e-005
3.847905555057089e-001,	2.464536e-005
3.855578546128518e-001,	1.275891e-005
3.863251537199946e-001,	-5.351379e-007
3.871622072914231e-001,	9.451619e-006
3.879992608628518e-001,	1.882146e-005
3.888363144342803e-001,	2.757439e-005
3.896733680057089e-001,	3.571039e-005
3.905104215771375e-001,	4.322949e-005
3.913474751485661e-001,	5.013167e-005
3.921845287199946e-001,	5.641693e-005
3.933006001485661e-001,	3.602123e-005
3.944166715771375e-001,	2.164804e-005
3.955327430057089e-001,	1.329734e-005
3.966488144342803e-001,	1.096915e-005
3.977648858628518e-001,	1.466346e-005
3.988809572914231e-001,	2.438027e-005
3.999970287199946e-001,	4.011959e-005
4.009735912199946e-001,	4.312072e-005
4.019501537199946e-001,	4.378619e-005
4.029267162199946e-001,	4.211598e-005
4.039032787199946e-001,	3.811010e-005
4.048798412199946e-001,	3.176854e-005
4.058564037199946e-001,	2.309131e-005
4.068329662199946e-001,	1.207841e-005
4.082280555057089e-001,	2.554107e-005
4.096231447914231e-001,	3.477327e-005
4.110182340771375e-001,	3.977500e-005
4.124133233628518e-001,	4.054628e-005
4.138084126485661e-001,	3.708710e-005
4.152035019342803e-001,	2.939746e-005
4.165985912199946e-001,	1.747736e-005
4.183424528271375e-001,	2.502261e-005
4.200863144342803e-001,	3.043516e-005
4.218301760414231e-001,	3.371503e-005
4.235740376485661e-001,	3.486221e-005
4.253178992557089e-001,	3.387670e-005
4.270617608628518e-001,	3.075850e-005
4.288056224699946e-001,	2.550761e-005
4.320143278271375e-001,	2.762896e-005
4.352230331842803e-001,	2.931843e-005
4.384317385414231e-001,	3.057600e-005
4.416404438985661e-001,	3.140169e-005
4.448491492557089e-001,	3.179548e-005
4.480578546128518e-001,	3.175739e-005
4.512665599699946e-001,	3.128740e-005
4.722626537199946e-001,	3.025898e-005
4.996064037199946e-001,	2.866011e-005
5.000000000000000e-001,	2.833036e-005
