0.000000000000000e+000,	3.034342e-005,
6.491029920737918e-005,	2.939563e-005,
1.298205984147584e-004,	3.064684e-005,
1.947308976221375e-004,	3.409705e-005,
2.596411968295167e-004,	3.974626e-005,
3.245514960368959e-004,	4.759447e-005,
3.894617952442751e-004,	5.764168e-005,
4.543720944516542e-004,	6.988789e-005,
5.910974866054123e-004,	1.142811e-004,
7.591322053008228e-004,	1.992871e-004,
9.175328892772983e-004,	3.182693e-004,
1.118471123593844e-003,	5.360077e-004,
1.386066104654319e-003,	9.413976e-004,
1.726306111605716e-003,	1.629711e-003,
2.098024677543600e-003,	2.545986e-003,
2.254479722854879e-003,	2.980929e-003,
2.414834710391836e-003,	3.454075e-003,
2.596340681855886e-003,	3.992616e-003,
2.827979329111837e-003,	4.641430e-003,
3.203281289675826e-003,	5.484615e-003,
3.691562539675826e-003,	6.017045e-003,
4.179843789675826e-003,	5.618650e-003,
4.668125039675826e-003,	3.983347e-003,
5.156406289675826e-003,	9.917237e-004,
5.644687539675826e-003,	-3.258663e-003,
6.132968789675826e-003,	-8.427287e-003,
6.621250039675826e-003,	-1.398691e-002,
6.984534715154865e-003,	-1.805422e-002,
7.152032403398194e-003,	-1.978596e-002,
7.323463693906228e-003,	-2.134821e-002,
7.553911494803131e-003,	-2.311746e-002,
7.767325183241228e-003,	-2.428394e-002,
8.113577158364187e-003,	-2.494770e-002,
8.601858408364187e-003,	-2.348073e-002,
9.090139658364187e-003,	-1.895810e-002,
9.578420908364187e-003,	-1.114955e-002,
1.006670215836419e-002,	-4.499608e-004,
1.055498340836419e-002,	1.230440e-002,
1.102714940226525e-002,	2.545151e-002,
1.151543065226525e-002,	3.850857e-002,
1.193507475770164e-002,	4.847521e-002,
1.211166704523278e-002,	5.197171e-002,
1.227755057125615e-002,	5.462026e-002,
1.243726621008701e-002,	5.664490e-002,
1.258791368502862e-002,	5.794671e-002,
1.283098273757244e-002,	5.862559e-002,
1.322441702772230e-002,	5.640092e-002,
1.371269827772230e-002,	4.828208e-002,
1.420097952772230e-002,	3.419701e-002,
1.468926077772230e-002,	1.464170e-002,
1.517754202772230e-002,	-8.867866e-003,
1.566582327772230e-002,	-3.423924e-002,
1.611785053912407e-002,	-5.712764e-002,
1.660613178912407e-002,	-7.902762e-002,
1.696230895751884e-002,	-9.216677e-002,
1.712868901328608e-002,	-9.687856e-002,
1.730081840253235e-002,	-1.003547e-001,
1.752873294943926e-002,	-1.031938e-001,
1.774309433061582e-002,	-1.036666e-001,
1.809086085539163e-002,	-9.949084e-002,
1.857914210539163e-002,	-8.526269e-002,
1.906742335539163e-002,	-6.179585e-002,
1.955570460539163e-002,	-2.990035e-002,
2.004398585539163e-002,	7.826492e-003,
2.053226710539163e-002,	4.800601e-002,
2.099380277492120e-002,	8.461998e-002,
2.148208402492120e-002,	1.182811e-001,
2.190575199598673e-002,	1.416819e-001,
2.208301107248735e-002,	1.489125e-001,
2.224849729766714e-002,	1.536051e-001,
2.240557610889313e-002,	1.565188e-001,
2.255936523509570e-002,	1.576260e-001,
2.280127165764957e-002,	1.556273e-001,
2.319286490542055e-002,	1.441798e-001,
2.368114615542055e-002,	1.175120e-001,
2.416942740542055e-002,	7.813147e-002,
2.465770865542055e-002,	2.834542e-002,
2.514598990542055e-002,	-2.751254e-002,
2.563101731157798e-002,	-8.398239e-002,
2.608351354073828e-002,	-1.324701e-001,
2.657179479073828e-002,	-1.760399e-001,
2.693267010254129e-002,	-2.007247e-001,
2.709978825684364e-002,	-2.087139e-001,
2.727145621705486e-002,	-2.137568e-001,
2.750104445858956e-002,	-2.166609e-001,
2.771477977362102e-002,	-2.148116e-001,
2.806154580109868e-002,	-2.024146e-001,
2.848884831549284e-002,	-1.736644e-001,
2.897712956549284e-002,	-1.244048e-001,
2.946541081549284e-002,	-6.101172e-002,
2.995369206549284e-002,	1.163859e-002,
3.044197331549284e-002,	8.701263e-002,
3.089051867952502e-002,	1.522310e-001,
3.137363738042930e-002,	2.113269e-001,
3.186191863042930e-002,	2.572962e-001,
3.204353254722336e-002,	2.691482e-001,
3.220621190353425e-002,	2.757336e-001,
3.236975808772420e-002,	2.793765e-001,
3.252928237444368e-002,	2.796669e-001,
3.276906593374346e-002,	2.735915e-001,
3.315729565535370e-002,	2.505625e-001,
3.357988711123008e-002,	2.084385e-001,
3.406816836123008e-002,	1.399220e-001,
3.455644961123008e-002,	5.579526e-002,
3.504473086123008e-002,	-3.727072e-002,
3.551739010424510e-002,	-1.278227e-001,
3.598053026877617e-002,	-2.086508e-001,
3.646698129069563e-002,	-2.780559e-001,
3.687555378239747e-002,	-3.215257e-001,
3.705032423151985e-002,	-3.339613e-001,
3.721729992178103e-002,	-3.408873e-001,
3.739980560144445e-002,	-3.441714e-001,
3.756674389462388e-002,	-3.425979e-001,
3.783826772718606e-002,	-3.302299e-001,
3.825664372544126e-002,	-2.930179e-001,
3.869358553515262e-002,	-2.326400e-001,
3.918186678515262e-002,	-1.425300e-001,
3.967014803515262e-002,	-3.633738e-002,
4.015842928515262e-002,	7.712434e-002,
4.061354693197850e-002,	1.801201e-001,
4.107105079051814e-002,	2.712852e-001,
4.155933204051814e-002,	3.485186e-001,
4.190324537176626e-002,	3.877454e-001,
4.206771064658851e-002,	3.997062e-001,
4.224104422534282e-002,	4.062020e-001,
4.246460420785569e-002,	4.074934e-001,
4.268059331828368e-002,	4.001683e-001,
4.303096021204630e-002,	3.712038e-001,
4.344824938517734e-002,	3.136695e-001,
4.393653063517734e-002,	2.187012e-001,
4.442481188517734e-002,	1.013490e-001,
4.491309313517734e-002,	-2.910155e-002,
4.538457873538674e-002,	-1.563560e-001,
4.584086309317905e-002,	-2.699780e-001,
4.628317965429129e-002,	-3.607351e-001,
4.677146090429129e-002,	-4.359422e-001,
4.697492945542216e-002,	-4.570664e-001,
4.713065441290799e-002,	-4.664579e-001,
4.729390041583163e-002,	-4.709701e-001,
4.747592720951881e-002,	-4.696824e-001,
4.770737266110534e-002,	-4.576215e-001,
4.808236754941842e-002,	-4.172789e-001,
4.850450413291924e-002,	-3.450172e-001,
4.899278538291924e-002,	-2.307117e-001,
4.948106663291924e-002,	-9.296925e-002,
4.996934788291924e-002,	5.706367e-002,
5.043083598049530e-002,	1.979389e-001,
5.086795654695789e-002,	3.191225e-001,
5.130915683815450e-002,	4.181366e-001,
5.179743808815450e-002,	4.989267e-001,
5.198188407685377e-002,	5.188430e-001,
5.214255528592113e-002,	5.283600e-001,
5.229812172638070e-002,	5.320705e-001,
5.246911536025072e-002,	5.295345e-001,
5.270465115728287e-002,	5.142301e-001,
5.308614318870850e-002,	4.657862e-001,
5.351056678744011e-002,	3.817348e-001,
5.399884803744011e-002,	2.512268e-001,
5.448712928744011e-002,	9.558840e-002,
5.497541053744011e-002,	-7.246616e-002,
5.543242113726787e-002,	-2.275193e-001,
5.586879213406992e-002,	-3.609336e-001,
5.630949958501186e-002,	-4.689556e-001,
5.679778083501186e-002,	-5.561004e-001,
5.697873608444189e-002,	-5.767179e-001,
5.714188327928843e-002,	-5.863324e-001,
5.730728980331273e-002,	-5.896264e-001,
5.746413963458003e-002,	-5.859978e-001,
5.770491322162063e-002,	-5.669878e-001,
5.809471188239729e-002,	-5.096864e-001,
5.852167994359214e-002,	-4.135737e-001,
5.900996119359214e-002,	-2.670923e-001,
5.949824244359214e-002,	-9.421193e-002,
5.998652369359214e-002,	9.082821e-002,
6.043933760532169e-002,	2.586423e-001,
6.087502758364156e-002,	4.029671e-001,
6.131510939382392e-002,	5.186194e-001,
6.180339064382392e-002,	6.107812e-001,
6.197953600359338e-002,	6.314738e-001,
6.214568655765067e-002,	6.408133e-001,
6.232440054627595e-002,	6.430401e-001,
6.248588557424070e-002,	6.370296e-001,
6.274859105337453e-002,	6.101745e-001,
6.317300112020882e-002,	5.343736e-001,
6.360026718396257e-002,	4.217717e-001,
6.408854843396257e-002,	2.550999e-001,
6.457682968396257e-002,	6.334676e-002,
6.506511093396257e-002,	-1.376286e-001,
6.550924338771900e-002,	-3.129378e-001,
6.594202043121666e-002,	-4.624695e-001,
6.637922809428898e-002,	-5.808984e-001,
6.679245945912572e-002,	-6.604039e-001,
6.696799426998223e-002,	-6.812803e-001,
6.713451055626539e-002,	-6.907554e-001,
6.731490703506828e-002,	-6.924601e-001,
6.747881181202620e-002,	-6.851522e-001,
6.774543130827973e-002,	-6.544271e-001,
6.817598751518098e-002,	-5.693354e-001,
6.860408637901341e-002,	-4.458981e-001,
6.909236762901341e-002,	-2.650576e-001,
6.958064887901341e-002,	-5.847923e-002,
7.006893012901341e-002,	1.567131e-001,
7.051040211317106e-002,	3.422175e-001,
7.094285175061403e-002,	5.002827e-001,
7.137977859707863e-002,	6.246965e-001,
7.178457972121435e-002,	7.058958e-001,
7.195873376899402e-002,	7.271932e-001,
7.212608117450488e-002,	7.366052e-001,
7.231029006463713e-002,	7.375222e-001,
7.247967801269441e-002,	7.283902e-001,
7.275516018065086e-002,	6.922988e-001,
7.319959679400999e-002,	5.946730e-001,
7.362806190320079e-002,	4.594669e-001,
7.411634315320079e-002,	2.639610e-001,
7.460462440320079e-002,	4.300527e-002,
7.504393195522276e-002,	-1.625961e-001,
7.548772533200331e-002,	-3.600649e-001,
7.592342850056338e-002,	-5.284659e-001,
7.636377635651966e-002,	-6.606501e-001,
7.677019113410176e-002,	-7.461529e-001,
7.694460866635422e-002,	-7.683192e-001,
7.711179704465794e-002,	-7.778742e-001,
7.729527763709186e-002,	-7.784504e-001,
7.746361810146428e-002,	-7.685704e-001,
7.773740789615269e-002,	-7.303915e-001,
7.817919796632260e-002,	-6.277260e-001,
7.860885435050369e-002,	-4.848767e-001,
7.908667916580134e-002,	-2.836807e-001,
7.957496041580134e-002,	-5.147599e-002,
8.006324166580134e-002,	1.881071e-001,
8.050294384619630e-002,	3.920761e-001,
8.093546014213765e-002,	5.649449e-001,
8.137253528667388e-002,	6.996780e-001,
8.176550563857996e-002,	7.838741e-001,
8.193773928612962e-002,	8.058521e-001,
8.210625184043228e-002,	8.147897e-001,
8.231566932863484e-002,	8.132527e-001,
8.250519760673188e-002,	7.983739e-001,
8.281314770948911e-002,	7.467882e-001,
8.324153209249458e-002,	6.328567e-001,
8.367733427291201e-002,	4.723746e-001,
8.415911669774509e-002,	2.538140e-001,
8.464739794774509e-002,	8.184919e-003,
8.508436100215273e-002,	-2.152802e-001,
8.552579469553305e-002,	-4.264141e-001,
8.596055484830693e-002,	-6.036477e-001,
8.640001530592455e-002,	-7.403058e-001,
8.676803223752436e-002,	-8.187405e-001,
8.693627740881284e-002,	-8.395984e-001,
8.710724377754626e-002,	-8.475001e-001,
8.733938234206631e-002,	-8.427742e-001,
8.755216319045900e-002,	-8.212672e-001,
8.789740356458717e-002,	-7.524930e-001,
8.832932106744539e-002,	-6.215125e-001,
8.876858277559992e-002,	-4.428756e-001,
8.925686402559992e-002,	-2.051791e-001,
8.974514527559992e-002,	5.225278e-002,
9.020368195657717e-002,	2.922162e-001,
9.065307457915016e-002,	5.060792e-001,
9.108582964493492e-002,	6.752068e-001,
9.152308430189392e-002,	8.013591e-001,
9.180676729694501e-002,	8.553311e-001,
9.196204857338425e-002,	8.713821e-001,
9.214129870413210e-002,	8.771673e-001,
9.234372479950774e-002,	8.701723e-001,
9.256759252675492e-002,	8.437053e-001,
9.293052796565267e-002,	7.643750e-001,
9.336439393660052e-002,	6.227047e-001,
9.380547369029334e-002,	4.324621e-001,
9.429375494029334e-002,	1.837879e-001,
9.478203619029334e-002,	-8.255761e-002,
9.523614604936974e-002,	-3.254406e-001,
9.570715506798186e-002,	-5.503074e-001,
9.617507017045912e-002,	-7.285209e-001,
9.661248572825264e-002,	-8.476531e-001,
9.683196118930899e-002,	-8.852358e-001,
9.698535874302079e-002,	-8.983102e-001,
9.717569467258976e-002,	-9.019696e-001,
9.734814696893750e-002,	-8.935902e-001,
9.758314225406664e-002,	-8.618588e-001,
9.796377624058832e-002,	-7.716349e-001,
9.839975355137202e-002,	-6.197557e-001,
9.884243756244315e-002,	-4.188255e-001,
9.933071881244315e-002,	-1.604413e-001,
9.981900006244315e-002,	1.134019e-001,
1.002690106583558e-001,	3.579710e-001,
1.007572919083558e-001,	5.921375e-001,
1.012078007049728e-001,	7.615237e-001,
1.016490103330410e-001,	8.781725e-001,
1.018372932212450e-001,	9.087575e-001,
1.019952526947230e-001,	9.212685e-001,
1.021496459741855e-001,	9.238135e-001,
1.023300773304344e-001,	9.147026e-001,
1.025621145622350e-001,	8.832171e-001,
1.029380499859200e-001,	7.929006e-001,
1.033744553106984e-001,	6.384981e-001,
1.038177577808122e-001,	4.337490e-001,
1.043060390308122e-001,	1.703100e-001,
1.047943202808122e-001,	-1.092950e-001,
1.052446399833416e-001,	-3.595559e-001,
1.057316616418543e-001,	-5.983514e-001,
1.061967570939181e-001,	-7.770432e-001,
1.066370053484855e-001,	-8.957002e-001,
1.068249442224041e-001,	-9.266160e-001,
1.069831464078595e-001,	-9.392317e-001,
1.071365773268040e-001,	-9.416732e-001,
1.073168351316820e-001,	-9.322523e-001,
1.075489367306375e-001,	-9.000036e-001,
1.079249744440569e-001,	-8.077154e-001,
1.083622528442733e-001,	-6.498504e-001,
1.088062690895206e-001,	-4.407908e-001,
1.092945503395206e-001,	-1.724695e-001,
1.097828315895206e-001,	1.120719e-001,
1.102326523079985e-001,	3.662304e-001,
1.107202678305697e-001,	6.087338e-001,
1.111953397095700e-001,	7.931823e-001,
1.116350740299486e-001,	9.122081e-001,
1.118200886348496e-001,	9.423559e-001,
1.119803573243824e-001,	9.546524e-001,
1.121343254007659e-001,	9.565824e-001,
1.123076158272679e-001,	9.467885e-001,
1.125423005073785e-001,	9.128940e-001,
1.129224413479842e-001,	8.170031e-001,
1.133606937084932e-001,	6.549914e-001,
1.138055525085548e-001,	4.412369e-001,
1.142923897520036e-001,	1.690771e-001,
1.147806710020036e-001,	-1.196435e-001,
1.152291645219879e-001,	-3.761144e-001,
1.157174457719879e-001,	-6.210710e-001,
1.161965975830311e-001,	-8.078344e-001,
1.166361726082125e-001,	-9.264484e-001,
1.168175016055733e-001,	-9.554662e-001,
1.169803832978758e-001,	-9.671273e-001,
1.171447340037857e-001,	-9.682910e-001,
1.173031017204922e-001,	-9.582912e-001,
1.175433134365922e-001,	-9.215806e-001,
1.179322217429061e-001,	-8.199332e-001,
1.183715625694825e-001,	-6.527906e-001,
1.188174065953462e-001,	-4.336376e-001,
1.193056878453462e-001,	-1.560236e-001,
1.197939690953462e-001,	1.361290e-001,
1.202407528881415e-001,	3.933299e-001,
1.207290341381415e-001,	6.385891e-001,
1.212046754415699e-001,	8.228430e-001,
1.216443169539268e-001,	9.396078e-001,
1.218201925643130e-001,	9.667630e-001,
1.219865045697818e-001,	9.773222e-001,
1.221659616571673e-001,	9.767097e-001,
1.223285153987780e-001,	9.639130e-001,
1.225929497664260e-001,	9.173654e-001,
1.230200758849510e-001,	7.923748e-001,
1.235083571349510e-001,	5.895225e-001,
1.239505555710368e-001,	3.583997e-001,
1.244388368210368e-001,	7.096033e-002,
1.249271180710368e-001,	-2.232807e-001,
1.253671658992928e-001,	-4.713583e-001,
1.258554471492928e-001,	-7.048717e-001,
1.262983508673896e-001,	-8.642109e-001,
1.266789794560340e-001,	-9.555554e-001,
1.268427961051574e-001,	-9.775043e-001,
1.270165399270396e-001,	-9.850159e-001,
1.272386207005397e-001,	-9.776352e-001,
1.274551623697341e-001,	-9.502229e-001,
1.278064117175135e-001,	-8.660792e-001,
1.282449877699952e-001,	-7.084407e-001,
1.286897720980740e-001,	-4.973369e-001,
1.291285444666913e-001,	-2.506864e-001,
1.296168257166913e-001,	4.499914e-002,
1.300634040986160e-001,	3.128299e-001,
1.305060305296948e-001,	5.548325e-001,
1.309421407584919e-001,	7.515764e-001,
1.313837436205098e-001,	8.989662e-001,
1.316879035463366e-001,	9.658870e-001,
1.318461814280076e-001,	9.847742e-001,
1.320234757961892e-001,	9.912002e-001,
1.322328418532417e-001,	9.828911e-001,
1.324541259733889e-001,	9.533079e-001,
1.328129431740124e-001,	8.647566e-001,
1.332523888000327e-001,	7.032329e-001,
1.336979836027708e-001,	4.882458e-001,
1.341359488792017e-001,	2.393491e-001,
1.346242301292017e-001,	-5.826844e-002,
1.350690471789666e-001,	-3.254973e-001,
1.355212866805433e-001,	-5.717854e-001,
1.359580635165531e-001,	-7.664061e-001,
1.364003896007448e-001,	-9.109902e-001,
1.366856848334983e-001,	-9.718688e-001,
1.368412077648578e-001,	-9.895399e-001,
1.370202992835774e-001,	-9.953765e-001,
1.372232865947937e-001,	-9.866164e-001,
1.374469455108928e-001,	-9.558461e-001,
1.378095482298374e-001,	-8.635519e-001,
1.382978294798374e-001,	-6.788253e-001,
1.387378512668725e-001,	-4.610533e-001,
1.392102401784089e-001,	-1.873815e-001,
1.396985214284089e-001,	1.118322e-001,
1.401446770093649e-001,	3.766687e-001,
1.406301792782425e-001,	6.317552e-001,
1.410695897030486e-001,	8.138384e-001,
1.415134496477703e-001,	9.439541e-001,
1.417197139120563e-001,	9.815628e-001,
1.418750331910910e-001,	9.954836e-001,
1.420398849830339e-001,	9.986380e-001,
1.422222009887792e-001,	9.887810e-001,
1.424535391538657e-001,	9.547939e-001,
1.428283635086773e-001,	8.561211e-001,
1.433166447586773e-001,	6.668180e-001,
1.437577121994992e-001,	4.448461e-001,
1.442329648040490e-001,	1.669994e-001,
1.447212460540490e-001,	-1.330501e-001,
1.451655922823586e-001,	-3.957761e-001,
1.456538735323586e-001,	-6.493135e-001,
1.460932228860195e-001,	-8.272204e-001,
1.465369967760231e-001,	-9.528724e-001,
1.467232046230533e-001,	-9.850096e-001,
1.468826293574479e-001,	-9.981311e-001,
1.470332474326204e-001,	-1.000393e+000,
1.472113510156775e-001,	-9.902388e-001,
1.474442514733225e-001,	-9.556544e-001,
1.478215585202058e-001,	-8.557353e-001,
1.483098397702058e-001,	-6.655262e-001,
1.487513584257883e-001,	-4.424984e-001,
1.492297806813089e-001,	-1.621324e-001,
1.497180619313089e-001,	1.382181e-001,
1.501623857749136e-001,	4.007778e-001,
1.506506670249136e-001,	6.536653e-001,
1.510898675686143e-001,	8.305678e-001,
1.515335017307530e-001,	9.550790e-001,
1.517171906827145e-001,	9.862798e-001,
1.518783981419447e-001,	9.989793e-001,
1.520360945683447e-001,	1.000841e+000,
1.522040271853440e-001,	9.906836e-001,
1.524406970241936e-001,	9.545861e-001,
1.528239888002132e-001,	8.516865e-001,
1.533122700502132e-001,	6.595767e-001,
1.537543633950055e-001,	4.348289e-001,
1.542303750711713e-001,	1.550451e-001,
1.547186563211713e-001,	-1.454418e-001,
1.551616594902306e-001,	-4.067057e-001,
1.556499407402306e-001,	-6.584594e-001,
1.560890057229822e-001,	-8.339041e-001,
1.565325127148643e-001,	-9.568291e-001,
1.567130528031068e-001,	-9.868259e-001,
1.568764950323609e-001,	-9.989458e-001,
1.570430749921870e-001,	-1.000219e+000,
1.571982377760746e-001,	-9.901488e-001,
1.574396357984881e-001,	-9.521182e-001,
1.578304237498254e-001,	-8.454800e-001,
1.583187049998254e-001,	-6.511286e-001,
1.587613773051525e-001,	-4.243245e-001,
1.592467582242186e-001,	-1.380510e-001,
1.597350394742186e-001,	1.621564e-001,
1.601779949126233e-001,	4.218512e-001,
1.606662761626233e-001,	6.705519e-001,
1.611047928739283e-001,	8.421081e-001,
1.615477469164428e-001,	9.608839e-001,
1.617210488778539e-001,	9.880552e-001,
1.618889119442958e-001,	9.986060e-001,
1.620754786344454e-001,	9.972755e-001,
1.622482577508540e-001,	9.821761e-001,
1.625292164832485e-001,	9.283347e-001,
1.629822041465260e-001,	7.863438e-001,
1.634704853965260e-001,	5.721838e-001,
1.639157049590458e-001,	3.299617e-001,
1.644039862090458e-001,	3.500615e-002,
1.648764996948214e-001,	-2.537810e-001,
1.653161976409225e-001,	-5.023893e-001,
1.658044788909225e-001,	-7.336010e-001,
1.662478447086661e-001,	-8.897095e-001,
1.665991423519687e-001,	-9.710798e-001,
1.667562669412631e-001,	-9.909137e-001,
1.669343111546280e-001,	-9.977784e-001,
1.671410112461863e-001,	-9.899943e-001,
1.673632882341163e-001,	-9.605831e-001,
1.677236884427754e-001,	-8.705330e-001,
1.682119696927754e-001,	-6.877935e-001,
1.686533653137879e-001,	-4.710258e-001,
1.691018389191784e-001,	-2.123375e-001,
1.695901201691784e-001,	8.696926e-002,
1.700336328904580e-001,	3.521617e-001,
1.705049035078669e-001,	6.042543e-001,
1.709429852878555e-001,	7.922135e-001,
1.713866890608572e-001,	9.294259e-001,
1.716222137825328e-001,	9.760773e-001,
1.717732652758215e-001,	9.914162e-001,
1.719607695485955e-001,	9.964296e-001,
1.721424861214728e-001,	9.876879e-001,
1.723740466489095e-001,	9.545544e-001,
1.727492244453300e-001,	8.572530e-001,
1.732375056953300e-001,	6.697745e-001,
1.736798416892036e-001,	4.489123e-001,
1.741380994276178e-001,	1.826276e-001,
1.746263806776178e-001,	-1.164545e-001,
1.750686887958844e-001,	-3.781025e-001,
1.755569700458844e-001,	-6.314549e-001,
1.760452512958844e-001,	-8.283565e-001,
1.764851718882695e-001,	-9.512030e-001,
1.766641772685800e-001,	-9.808387e-001,
1.768286291701296e-001,	-9.933511e-001,
1.769788193859015e-001,	-9.949966e-001,
1.771408152387055e-001,	-9.852591e-001,
1.773796837332166e-001,	-9.492359e-001,
1.777664628330024e-001,	-8.463570e-001,
1.782547440830024e-001,	-6.555822e-001,
1.786977704316904e-001,	-4.318201e-001,
1.791718229030406e-001,	-1.550680e-001,
1.796601041530406e-001,	1.433636e-001,
1.801026009327668e-001,	4.025297e-001,
1.805908821827668e-001,	6.525841e-001,
1.810298645080408e-001,	8.268712e-001,
1.814733304844845e-001,	9.491520e-001,
1.816519542010106e-001,	9.787431e-001,
1.818166313916967e-001,	9.912493e-001,
1.819683250031843e-001,	9.929171e-001,
1.821285298832326e-001,	9.833079e-001,
1.823680614761190e-001,	9.472299e-001,
1.827558918095947e-001,	8.442517e-001,
1.832441730595947e-001,	6.537784e-001,
1.836873080220141e-001,	4.304004e-001,
1.841565315857229e-001,	1.570662e-001,
1.846448128357229e-001,	-1.407880e-001,
1.850865947411857e-001,	-3.991689e-001,
1.855748759911857e-001,	-6.491041e-001,
1.860139402748169e-001,	-8.235815e-001,
1.864574962961496e-001,	-9.462339e-001,
1.866367519516045e-001,	-9.761279e-001,
1.868010563539370e-001,	-9.888507e-001,
1.869510506308172e-001,	-9.907315e-001,
1.871137242373104e-001,	-9.812572e-001,
1.873523417765649e-001,	-9.458028e-001,
1.877387229651558e-001,	-8.440311e-001,
1.882270042151558e-001,	-6.547015e-001,
1.886701039460930e-001,	-4.323188e-001,
1.891422722358965e-001,	-1.581331e-001,
1.896305534858965e-001,	1.389991e-001,
1.900730487668519e-001,	3.973118e-001,
1.905613300168519e-001,	6.468804e-001,
1.910003441269505e-001,	8.211783e-001,
1.914438534032981e-001,	9.438204e-001,
1.916231847191455e-001,	9.737825e-001,
1.917874445676111e-001,	9.865850e-001,
1.919377365742828e-001,	9.885634e-001,
1.921003907436678e-001,	9.792131e-001,
1.923390154801593e-001,	9.439746e-001,
1.927254080810694e-001,	8.426325e-001,
1.932136893310694e-001,	6.539448e-001,
1.936568054308922e-001,	4.322643e-001,
1.941235737306055e-001,	1.619771e-001,
1.946118549806055e-001,	-1.345531e-001,
1.950537332159970e-001,	-3.922648e-001,
1.955420144659970e-001,	-6.420068e-001,
1.959811637834167e-001,	-8.168872e-001,
1.964248160169356e-001,	-9.403307e-001,
1.966055944102414e-001,	-9.709156e-001,
1.967688672734361e-001,	-9.837714e-001,
1.969347735933159e-001,	-9.859590e-001,
1.970909048774497e-001,	-9.768527e-001,
1.973319444306397e-001,	-9.407607e-001,
1.977221644869972e-001,	-8.378122e-001,
1.982104457369972e-001,	-6.484364e-001,
1.986537363865194e-001,	-4.262038e-001,
1.991293962947658e-001,	-1.507746e-001,
1.996176775447658e-001,	1.450077e-001,
2.000601273086745e-001,	4.016225e-001,
2.005484085586745e-001,	6.489745e-001,
2.009871208458618e-001,	8.210139e-001,
2.014303274884424e-001,	9.415439e-001,
2.016063218817448e-001,	9.702044e-001,
2.017725627665871e-001,	9.820552e-001,
2.019516925850156e-001,	9.827935e-001,
2.021137756517651e-001,	9.712104e-001,
2.023774486363051e-001,	9.266027e-001,
2.028033788681603e-001,	8.045471e-001,
2.032916601181603e-001,	6.040155e-001,
2.037361896375683e-001,	3.730375e-001,
2.042244708875683e-001,	8.619477e-002,
2.047127521375683e-001,	-2.083291e-001,
2.051527366951096e-001,	-4.573867e-001,
2.056410179451096e-001,	-6.923833e-001,
2.060956630156315e-001,	-8.571957e-001,
2.064836951445905e-001,	-9.512177e-001,
2.066429737597994e-001,	-9.727625e-001,
2.068196203956255e-001,	-9.807788e-001,
2.070312946514203e-001,	-9.744366e-001,
2.072517187415201e-001,	-9.472965e-001,
2.076091643385600e-001,	-8.617707e-001,
2.080974455885600e-001,	-6.849536e-001,
2.085389197451288e-001,	-4.738340e-001,
2.089860400805486e-001,	-2.214584e-001,
2.094743213305486e-001,	7.256472e-002,
2.099188287718801e-001,	3.348335e-001,
2.103809491230609e-001,	5.801122e-001,
2.108186745915498e-001,	7.680601e-001,
2.112619345363215e-001,	9.067093e-001,
2.115087177773494e-001,	9.569580e-001,
2.116585197975850e-001,	9.732388e-001,
2.118414076963386e-001,	9.794525e-001,
2.120310370731664e-001,	9.719514e-001,
2.122596609684008e-001,	9.415964e-001,
2.126301689628369e-001,	8.497982e-001,
2.131184502128369e-001,	6.687623e-001,
2.135606480086721e-001,	4.541456e-001,
2.140109309319887e-001,	1.983593e-001,
2.144992121819887e-001,	-9.553352e-002,
2.149418965900251e-001,	-3.545032e-001,
2.154201126600108e-001,	-6.036315e-001,
2.158586372596124e-001,	-7.855960e-001,
2.163017992488908e-001,	-9.175099e-001,
2.165152605819836e-001,	-9.579805e-001,
2.166695339521896e-001,	-9.731408e-001,
2.168385236480209e-001,	-9.779170e-001,
2.170215846932878e-001,	-9.698963e-001,
2.172526464604031e-001,	-9.386152e-001,
2.176270314488237e-001,	-8.450630e-001,
2.181153126988237e-001,	-6.630489e-001,
2.185576651998107e-001,	-4.476026e-001,
2.190182009245398e-001,	-1.857089e-001,
2.195064821745398e-001,	1.076750e-001,
2.199498908495817e-001,	3.655923e-001,
2.204354656640773e-001,	6.156799e-001,
2.208747194798626e-001,	7.942569e-001,
2.213185253356447e-001,	9.225457e-001,
2.215131208939028e-001,	9.578992e-001,
2.216701312811045e-001,	9.724556e-001,
2.218282862632330e-001,	9.764929e-001,
2.220093957762506e-001,	9.682486e-001,
2.222411814793226e-001,	9.367626e-001,
2.226167171626869e-001,	8.428488e-001,
2.231049984126869e-001,	6.608140e-001,
2.235473634317625e-001,	4.455158e-001,
2.240044316534226e-001,	1.859355e-001,
2.244927129034226e-001,	-1.070162e-001,
2.249354987489002e-001,	-3.641996e-001,
2.254211557892763e-001,	-6.140410e-001,
2.258604577019936e-001,	-7.925055e-001,
2.263043122433412e-001,	-9.207648e-001,
2.264994526814989e-001,	-9.562290e-001,
2.266563842206849e-001,	-9.707997e-001,
2.268148516114205e-001,	-9.748713e-001,
2.269960174297369e-001,	-9.666698e-001,
2.272277822482555e-001,	-9.352688e-001,
2.276032847394955e-001,	-8.415577e-001,
2.280915659894955e-001,	-6.598603e-001,
2.285338763850333e-001,	-4.448774e-001,
2.289967950659372e-001,	-1.823025e-001,
2.294850763159372e-001,	1.101529e-001,
2.299286744620862e-001,	3.671381e-001,
2.304159011369757e-001,	6.167430e-001,
2.308552673488717e-001,	7.940538e-001,
2.312991658427716e-001,	9.211856e-001,
2.314891597412274e-001,	9.552882e-001,
2.316468355815317e-001,	9.696917e-001,
2.318023532846581e-001,	9.735842e-001,
2.319829873881257e-001,	9.653493e-001,
2.322149494229260e-001,	9.339450e-001,
2.325907653437636e-001,	8.402575e-001,
2.330790465937636e-001,	6.587618e-001,
2.335213260496518e-001,	4.441071e-001,
2.339798800512941e-001,	1.844080e-001,
2.344681613012941e-001,	-1.076932e-001,
2.349111592998215e-001,	-3.641907e-001,
2.353973119431291e-001,	-6.133953e-001,
2.358366016483186e-001,	-7.910985e-001,
2.362804366074248e-001,	-9.187401e-001,
2.364738105094677e-001,	-9.536889e-001,
2.366309976384410e-001,	-9.681983e-001,
2.367884522818563e-001,	-9.722274e-001,
2.369694355646743e-001,	-9.640646e-001,
2.372012680880898e-001,	-9.327710e-001,
2.375768781828767e-001,	-8.393306e-001,
2.380651594328767e-001,	-6.581607e-001,
2.385073771308233e-001,	-4.437975e-001,
2.389715831032895e-001,	-1.811711e-001,
2.394598643532895e-001,	1.105199e-001,
2.399036712305357e-001,	3.669206e-001,
2.403911841445772e-001,	6.159202e-001,
2.408305193801074e-001,	7.926083e-001,
2.412743816565478e-001,	9.192528e-001,
2.414631790577941e-001,	9.529988e-001,
2.416210277996684e-001,	9.673575e-001,
2.417758600834720e-001,	9.712251e-001,
2.419563706013908e-001,	9.630272e-001,
2.421883784730946e-001,	9.317211e-001,
2.425642672381545e-001,	8.382807e-001,
2.430525484881545e-001,	6.572561e-001,
2.434947366594215e-001,	4.431567e-001,
2.439545196994549e-001,	1.833575e-001,
2.444428009494549e-001,	-1.080656e-001,
2.448860000233289e-001,	-3.640523e-001,
2.453724269070042e-001,	-6.127251e-001,
2.458116904749880e-001,	-7.898661e-001,
2.462554939616883e-001,	-9.170630e-001,
2.464477710075453e-001,	-9.516798e-001,
2.466051167756457e-001,	-9.661461e-001,
2.467619427425733e-001,	-9.701487e-001,
2.469428127016788e-001,	-9.620153e-001,
2.471746872576791e-001,	-9.308041e-001,
2.475503641537411e-001,	-8.375747e-001,
2.480386454037411e-001,	-6.568127e-001,
2.484807760483274e-001,	-4.429353e-001,
2.489461555304708e-001,	-1.801708e-001,
2.494344367804708e-001,	1.109247e-001,
2.498784316731274e-001,	3.668769e-001,
2.503662296825458e-001,	6.154163e-001,
2.508055451155345e-001,	7.915928e-001,
2.512493821097404e-001,	9.178114e-001,
2.514374797252842e-001,	9.512941e-001,
2.515955699036245e-001,	9.656041e-001,
2.517494449528777e-001,	9.694206e-001,
2.519297828549139e-001,	9.612364e-001,
2.521618547473988e-001,	9.299880e-001,
2.525378452527411e-001,	8.367056e-001,
2.530261265027411e-001,	6.560166e-001,
2.534682348733015e-001,	4.423252e-001,
2.539291782062696e-001,	1.823118e-001,
2.544174594562696e-001,	-1.085952e-001,
2.548608334610204e-001,	-3.641865e-001,
2.553476134909375e-001,	-6.124818e-001,
2.557868708387309e-001,	-7.891362e-001,
2.562306618035175e-001,	-9.159278e-001,
2.564217725803464e-001,	-9.502043e-001,
2.565792869783328e-001,	-9.646239e-001,
2.567354446043541e-001,	-9.685904e-001,
2.569161940793390e-001,	-9.604706e-001,
2.571481133231678e-001,	-9.293110e-001,
2.575238612393987e-001,	-8.362222e-001,
2.580121424893987e-001,	-6.557505e-001,
2.584541978868675e-001,	-4.422278e-001,
2.589206299452201e-001,	-1.792527e-001,
2.594089111952201e-001,	1.113997e-001,
2.598530662137152e-001,	3.670164e-001,
2.603411749797931e-001,	6.152313e-001,
2.607804842760406e-001,	7.909859e-001,
2.612243093876818e-001,	9.168273e-001,
2.614119919237168e-001,	9.501005e-001,
2.615703750169630e-001,	9.643584e-001,
2.617230885336951e-001,	9.681054e-001,
2.619032169467666e-001,	9.599168e-001,
2.621353665340419e-001,	9.286942e-001,
2.625114805071855e-001,	8.354967e-001,
2.629997617571855e-001,	6.550294e-001,
2.634418040822891e-001,	4.416192e-001,
2.639037894998305e-001,	1.813265e-001,
2.643920707498305e-001,	-1.092061e-001,
2.648355899839929e-001,	-3.645032e-001,
2.653227596488269e-001,	-6.125494e-001,
2.657620250739802e-001,	-7.887964e-001,
2.662058175352753e-001,	-9.152326e-001,
2.663957695889621e-001,	-9.491807e-001,
2.665534514769652e-001,	-9.635539e-001,
2.667089452069983e-001,	-9.674802e-001,
2.668895749881634e-001,	-9.593627e-001,
2.671215386260825e-001,	-9.282315e-001,
2.674973570946226e-001,	-8.352277e-001,
2.679856383446226e-001,	-6.549499e-001,
2.684276316910252e-001,	-4.416719e-001,
2.688949635297542e-001,	-1.784536e-001,
2.693832447797542e-001,	1.118856e-001,
2.698275304821560e-001,	3.672671e-001,
2.703158117321560e-001,	6.152093e-001,
2.707551025218200e-001,	7.906371e-001,
2.711989048985147e-001,	9.161829e-001,
2.713862576567914e-001,	9.492905e-001,
2.715448735550710e-001,	9.635054e-001,
2.716966637461309e-001,	9.671947e-001,
2.718766256061277e-001,	9.589977e-001,
2.721088369629087e-001,	9.277864e-001,
2.724850490941067e-001,	8.346362e-001,
2.729733303441067e-001,	6.543118e-001,
2.734153185540120e-001,	4.410901e-001,
2.738781632527255e-001,	1.805186e-001,
2.743664445027255e-001,	-1.097576e-001,
2.748100804276733e-001,	-3.648533e-001,
2.752975914382090e-001,	-6.127423e-001,
2.757368685896746e-001,	-7.886791e-001,
2.761806669690930e-001,	-9.148360e-001,
2.763696525483507e-001,	-9.485140e-001,
2.765274741006505e-001,	-9.628475e-001,
2.766824141749082e-001,	-9.667377e-001,
2.768629441289409e-001,	-9.586168e-001,
2.770949447919867e-001,	-9.274985e-001,
2.774708221010863e-001,	-8.345407e-001,
2.779591033510863e-001,	-6.543826e-001,
2.784010471329397e-001,	-4.412626e-001,
2.788691107747000e-001,	-1.778009e-001,
2.793573920247000e-001,	1.123316e-001,
2.798017803718528e-001,	3.675621e-001,
2.802900616218528e-001,	6.152558e-001,
2.807293161840364e-001,	7.904475e-001,
2.811730800643715e-001,	9.157826e-001,
2.813602109544718e-001,	9.487768e-001,
2.815189835224429e-001,	9.629608e-001,
2.816701522709551e-001,	9.666092e-001,
2.818500020194475e-001,	9.584035e-001,
2.820822549543440e-001,	9.271952e-001,
2.824585331562870e-001,	8.340684e-001,
2.829468144062870e-001,	6.538281e-001,
2.833887594175798e-001,	4.407239e-001,
2.838522774227990e-001,	1.798985e-001,
2.843405586727990e-001,	-1.102159e-001,
2.847842849046038e-001,	-3.651862e-001,
2.852720715380952e-001,	-6.129869e-001,
2.857113608231959e-001,	-7.887019e-001,
2.861551665469305e-001,	-9.146503e-001,
2.863434697201717e-001,	-9.481301e-001,
2.865014148845685e-001,	-9.624310e-001,
2.866558648952968e-001,	-9.662870e-001,
2.868363064816613e-001,	-9.581576e-001,
2.870683399192519e-001,	-9.270395e-001,
2.874442693132607e-001,	-8.340963e-001,
2.879325505632607e-001,	-6.539991e-001,
2.883744564455972e-001,	-4.409679e-001,
2.888430991008132e-001,	-1.772741e-001,
2.893313803508132e-001,	1.127353e-001,
2.897758457855305e-001,	3.678765e-001,
2.902641270355305e-001,	6.154019e-001,
2.907033541315453e-001,	7.904243e-001,
2.911470886183345e-001,	9.156016e-001,
2.913340404121073e-001,	9.485062e-001,
2.914929394720769e-001,	9.626644e-001,
2.916436064355491e-001,	9.662779e-001,
2.918233656514572e-001,	9.580609e-001,
2.920556521612416e-001,	9.268467e-001,
2.924319837155383e-001,	8.337196e-001,
2.929202649655383e-001,	6.535150e-001,
2.933621775023797e-001,	4.404701e-001,
2.938262153793019e-001,	1.794139e-001,
2.943144966293019e-001,	-1.106114e-001,
2.947582893285630e-001,	-3.655118e-001,
2.952463083552183e-001,	-6.132784e-001,
2.956856112863183e-001,	-7.888375e-001,
2.961294266584016e-001,	-9.146196e-001,
2.963174858957320e-001,	-9.479849e-001,
2.964756031518815e-001,	-9.622542e-001,
2.966293708351998e-001,	-9.660621e-001,
2.968096893746899e-001,	-9.579151e-001,
2.970417684483896e-001,	-9.267818e-001,
2.974177703658114e-001,	-8.338174e-001,
2.979060516158114e-001,	-6.537292e-001,
2.983479312952120e-001,	-4.407272e-001,
2.988170433813729e-001,	-1.768029e-001,
2.993053246313729e-001,	1.131466e-001,
2.997498441518312e-001,	3.682397e-001,
3.002381254018312e-001,	6.156504e-001,
3.006773305785481e-001,	7.905452e-001,
3.011210415269587e-001,	9.155952e-001,
3.013078285260568e-001,	9.484208e-001,
3.014668439969129e-001,	9.625557e-001,
3.016170491312991e-001,	9.661360e-001,
3.017967250171848e-001,	9.579051e-001,
3.020290424304146e-001,	9.266776e-001,
3.024054230914716e-001,	8.335310e-001,
3.028937043414716e-001,	6.533257e-001,
3.033355940429304e-001,	4.402958e-001,
3.038000241060077e-001,	1.790343e-001,
3.042883053560077e-001,	-1.109555e-001,
3.047321441614118e-001,	-3.658252e-001,
3.052203620477947e-001,	-6.135977e-001,
3.056596798427841e-001,	-7.890500e-001,
3.061035067576806e-001,	-9.147094e-001,
3.062913683309031e-001,	-9.479840e-001,
3.064496250656616e-001,	-9.622275e-001,
3.066028396743332e-001,	-9.659954e-001,
3.067830584666016e-001,	-9.578311e-001,
3.070151745344734e-001,	-9.266792e-001,
3.073912352410226e-001,	-8.336830e-001,
3.078795164910226e-001,	-6.535767e-001,
3.083213782377155e-001,	-4.405699e-001,
3.087908328945245e-001,	-1.764488e-001,
3.092791141445245e-001,	1.134856e-001,
3.097236698346318e-001,	3.685645e-001,
3.102119510846318e-001,	6.159112e-001,
3.106511410457493e-001,	7.907243e-001,
3.110948355123125e-001,	9.156872e-001,
3.112814984758439e-001,	9.484547e-001,
3.114406015779117e-001,	9.625716e-001,
3.115904590367454e-001,	9.661257e-001,
3.117700721858289e-001,	9.578815e-001,
3.120024128651920e-001,	9.266384e-001,
3.123788304966967e-001,	8.334642e-001,
3.128671117466967e-001,	6.532364e-001,
3.133089861272449e-001,	4.401937e-001,
3.137736921921562e-001,	1.787617e-001,
3.142619734421562e-001,	-1.112297e-001,
3.147058421344371e-001,	-3.660995e-001,
3.151941233844371e-001,	-6.138608e-001,
3.156334400287228e-001,	-7.892537e-001,
3.160772641080470e-001,	-9.148421e-001,
3.162650108817107e-001,	-9.480636e-001,
3.164233486355886e-001,	-9.622908e-001,
3.165762419564535e-001,	-9.660335e-001,
3.167564028005868e-001,	-9.578558e-001,
3.169885403600248e-001,	-9.266871e-001,
3.173646352194735e-001,	-8.336596e-001,
3.178529164694735e-001,	-6.535227e-001,
3.182947661713431e-001,	-4.404925e-001,
3.187644466706727e-001,	-1.762179e-001,
3.192527279206727e-001,	1.137313e-001,
3.196973060705768e-001,	3.688208e-001,
3.201855873205768e-001,	6.161444e-001,
3.206247682500204e-001,	7.909163e-001,
3.210684527526840e-001,	9.158292e-001,
3.212550369876890e-001,	9.485602e-001,
3.214141957171004e-001,	9.626647e-001,
3.215638324654210e-001,	9.662005e-001,
3.217434057862693e-001,	9.579447e-001,
3.219757612359692e-001,	9.266860e-001,
3.223522023377481e-001,	8.334820e-001,
3.228404835877481e-001,	6.532199e-001,
3.232823483102030e-001,	4.401478e-001,
3.237472341555434e-001,	1.785812e-001,
3.242355154055434e-001,	-1.114355e-001,
3.246794014858824e-001,	-3.663250e-001,
3.251676827358824e-001,	-6.140786e-001,
3.256069927889853e-001,	-7.894459e-001,
3.260508094929135e-001,	-9.149990e-001,
3.262384958697810e-001,	-9.481925e-001,
3.263968762520593e-001,	-9.624098e-001,
3.265496005199300e-001,	-9.661371e-001,
3.267297308721965e-001,	-9.579486e-001,
3.269618797402760e-001,	-9.267647e-001,
3.273379925705323e-001,	-8.337073e-001,
3.278262738205323e-001,	-6.535325e-001,
3.282681161657184e-001,	-4.404676e-001,
3.287379344875786e-001,	-1.760760e-001,
3.292262157375786e-001,	1.139065e-001,
3.296708058065439e-001,	3.690213e-001,
3.301590870565439e-001,	6.163484e-001,
3.305982633970300e-001,	7.911068e-001,
3.310419426536234e-001,	9.159957e-001,
3.312284807948336e-001,	9.487056e-001,
3.313876720948259e-001,	9.627990e-001,
3.315373638794533e-001,	9.663229e-001,
3.317167981514642e-001,	9.580563e-001,
3.319492051670334e-001,	9.267652e-001,
3.323257282068097e-001,	8.334972e-001,
3.328140094568097e-001,	6.531718e-001,
3.332558723823164e-001,	4.400411e-001,
3.337209368610813e-001,	1.783195e-001,
3.342092181110813e-001,	-1.117370e-001,
3.346531099647567e-001,	-3.666442e-001,
3.351413912147567e-001,	-6.143861e-001,
3.355806932630628e-001,	-7.897168e-001,
3.360245013013940e-001,	-9.152191e-001,
3.362120897187909e-001,	-9.483702e-001,
3.363705392468606e-001,	-9.625742e-001,
3.365229892910132e-001,	-9.662796e-001,
3.367030701802574e-001,	-9.580778e-001,
3.369352373928040e-001,	-9.268749e-001,
3.373113793745083e-001,	-8.337790e-001,
3.377996606245083e-001,	-6.535568e-001,
3.382415004048638e-001,	-4.404458e-001,
3.387114133198814e-001,	-1.759519e-001,
3.391996945698814e-001,	1.140735e-001,
3.396442880470729e-001,	3.692173e-001,
3.401325692970729e-001,	6.165571e-001,
3.405717426219480e-001,	7.913100e-001,
3.410154183917335e-001,	9.161816e-001,
3.412019140704630e-001,	9.488731e-001,
3.413611353764096e-001,	9.629557e-001,
3.415109462201046e-001,	9.664690e-001,
3.416902094587312e-001,	9.581916e-001,
3.419226799004497e-001,	9.268631e-001,
3.422993037222529e-001,	8.335204e-001,
3.427875849722529e-001,	6.531222e-001,
3.432294506781193e-001,	4.399221e-001,
3.436946657188641e-001,	1.780537e-001,
3.441829469688641e-001,	-1.120487e-001,
3.446268370927202e-001,	-3.669734e-001,
3.451151183427202e-001,	-6.147069e-001,
3.455544130204434e-001,	-7.900025e-001,
3.459982131787148e-001,	-9.154548e-001,
3.461856985003092e-001,	-9.485624e-001,
3.463442208069788e-001,	-9.627533e-001,
3.464963822071407e-001,	-9.664364e-001,
3.466764110300919e-001,	-9.582214e-001,
3.469085975524754e-001,	-9.269995e-001,
3.472847702195197e-001,	-8.338644e-001,
3.477730514695197e-001,	-6.535931e-001,
3.482148918138644e-001,	-4.404330e-001,
3.486848603954647e-001,	-1.758568e-001,
3.491731416454647e-001,	1.142146e-001,
3.496177329159446e-001,	3.693883e-001,
3.501060141659446e-001,	6.167473e-001,
3.505451859844856e-001,	7.915021e-001,
3.509888599381578e-001,	9.163641e-001,
3.511753219165775e-001,	9.490418e-001,
3.513345670376207e-001,	9.631159e-001,
3.514844723775763e-001,	9.666206e-001,
3.516635998674215e-001,	9.583340e-001,
3.518961206494604e-001,	9.269741e-001,
3.522728244588410e-001,	8.335680e-001,
3.527611057088410e-001,	6.531047e-001,
3.532029756423952e-001,	4.398410e-001,
3.536682847417739e-001,	1.778618e-001,
3.541565659917739e-001,	-1.122871e-001,
3.546004505212355e-001,	-3.672327e-001,
3.550887317712355e-001,	-6.149694e-001,
3.555280218897619e-001,	-7.902460e-001,
3.559718171592154e-001,	-9.156657e-001,
3.561592270734822e-001,	-9.487422e-001,
3.563178026172990e-001,	-9.629235e-001,
3.564697528675360e-001,	-9.665901e-001,
3.566497436013092e-001,	-9.583644e-001,
3.568819442497620e-001,	-9.271266e-001,
3.572581393644760e-001,	-8.339580e-001,
3.577464206144760e-001,	-6.536428e-001,
3.581882631387204e-001,	-4.404371e-001,
3.586582508986961e-001,	-1.758028e-001,
3.591465321486961e-001,	1.143133e-001,
3.595911180014230e-001,	3.695167e-001,
3.600793992514230e-001,	6.169000e-001,
3.605185711519349e-001,	7.916648e-001,
3.609622450165620e-001,	9.165264e-001,
3.611486877628495e-001,	9.491971e-001,
3.613079464750760e-001,	9.632660e-001,
3.614579057443066e-001,	9.667649e-001,
3.616369557615910e-001,	9.584714e-001,
3.618695052727817e-001,	9.270901e-001,
3.622462547303657e-001,	8.336400e-001,
3.627345359803657e-001,	6.531267e-001,
3.631764099823475e-001,	4.398121e-001,
3.636417539570293e-001,	1.777644e-001,
3.641300352070293e-001,	-1.124278e-001,
3.645739125584526e-001,	-3.673973e-001,
3.650621938084526e-001,	-6.151501e-001,
3.655014826027161e-001,	-7.904264e-001,
3.659452763842254e-001,	-9.158351e-001,
3.661326480257308e-001,	-9.488965e-001,
3.662912505914264e-001,	-9.630727e-001,
3.664430936643856e-001,	-9.667299e-001,
3.666230650640584e-001,	-9.584970e-001,
3.668552728828931e-001,	-9.272475e-001,
3.672314793919869e-001,	-8.340535e-001,
3.677197606419869e-001,	-6.537020e-001,
3.681616060001758e-001,	-4.404576e-001,
3.686315839346007e-001,	-1.757877e-001,
3.691198651846007e-001,	1.143690e-001,
3.695644440820957e-001,	3.696005e-001,
3.700527253320957e-001,	6.170112e-001,
3.704918986224770e-001,	7.917922e-001,
3.709355738142700e-001,	9.166616e-001,
3.711220117475824e-001,	9.493314e-001,
3.712812738611375e-001,	9.633984e-001,
3.714312466267762e-001,	9.668943e-001,
3.716102772556396e-001,	9.585962e-001,
3.718428339566003e-001,	9.272038e-001,
3.722195948380559e-001,	8.337297e-001,
3.727078760880559e-001,	6.531822e-001,
3.731497532900788e-001,	4.398312e-001,
3.736150824206850e-001,	1.777539e-001,
3.741033636706850e-001,	-1.124763e-001,
3.745472336268195e-001,	-3.674718e-001,
3.750355148768195e-001,	-6.152506e-001,
3.754748051551337e-001,	-7.905429e-001,
3.759186003903175e-001,	-9.159597e-001,
3.761059684423236e-001,	-9.490208e-001,
3.762645735423812e-001,	-9.631959e-001,
3.764164065631691e-001,	-9.668505e-001,
3.765963761494777e-001,	-9.586135e-001,
3.768285846408286e-001,	-9.273562e-001,
3.772047922186099e-001,	-8.341451e-001,
3.776930734686099e-001,	-6.537653e-001,
3.781349217309064e-001,	-4.404900e-001,
3.786048696689045e-001,	-1.758034e-001,
3.790931509189045e-001,	1.143884e-001,
3.795377224448341e-001,	3.696453e-001,
3.800260036948341e-001,	6.170841e-001,
3.804651792799317e-001,	7.918853e-001,
3.809088567812168e-001,	9.167681e-001,
3.810953016432072e-001,	9.494420e-001,
3.812545588602718e-001,	9.635097e-001,
3.814045121967374e-001,	9.670050e-001,
3.815835707367988e-001,	9.587039e-001,
3.818161170874999e-001,	9.273090e-001,
3.821928615233534e-001,	8.338281e-001,
3.826811427733534e-001,	6.532608e-001,
3.831230221042734e-001,	4.398866e-001,
3.835883004342338e-001,	1.778104e-001,
3.840765816842338e-001,	-1.124517e-001,
3.845204447896861e-001,	-3.674732e-001,
3.850087260396861e-001,	-6.152844e-001,
3.854480198568633e-001,	-7.906042e-001,
3.858918186963057e-001,	-9.160431e-001,
3.860792102700997e-001,	-9.491153e-001,
3.862377987627896e-001,	-9.632924e-001,
3.863896976539480e-001,	-9.669496e-001,
3.865696791229092e-001,	-9.587110e-001,
3.868018832073780e-001,	-9.274495e-001,
3.871780837822329e-001,	-8.342282e-001,
3.876663650322329e-001,	-6.538280e-001,
3.881082159412008e-001,	-4.405293e-001,
3.885781219501044e-001,	-1.758400e-001,
3.890664032001044e-001,	1.143808e-001,
3.895109676489431e-001,	3.696598e-001,
3.899992488989431e-001,	6.171255e-001,
3.904384272844633e-001,	7.919483e-001,
3.908821076510873e-001,	9.168476e-001,
3.910685676651055e-001,	9.495291e-001,
3.912278141743625e-001,	9.635992e-001,
3.913777250226750e-001,	9.670954e-001,
3.915568445994551e-001,	9.587930e-001,
3.917893683159074e-001,	9.274021e-001,
3.921660767878439e-001,	8.339269e-001,
3.926543580378439e-001,	6.533513e-001,
3.930962384895292e-001,	4.399648e-001,
3.935614438791890e-001,	1.779115e-001,
3.940497251291890e-001,	-1.123762e-001,
3.944935823006933e-001,	-3.674226e-001,
3.949818635506933e-001,	-6.152687e-001,
3.954211621671397e-001,	-7.906225e-001,
3.958649659319919e-001,	-9.160924e-001,
3.960523992582899e-001,	-9.491833e-001,
3.962109582729181e-001,	-9.633643e-001,
3.963629740822177e-001,	-9.670278e-001,
3.965429766422730e-001,	-9.587895e-001,
3.967751729047390e-001,	-9.275264e-001,
3.971513610497133e-001,	-8.343003e-001,
3.976396422997133e-001,	-6.538861e-001,
3.980814954403207e-001,	-4.405707e-001,
3.985513543543018e-001,	-1.758882e-001,
3.990396356043018e-001,	1.143554e-001,
3.994841936832150e-001,	3.696528e-001,
3.999724749332150e-001,	6.171427e-001,
4.004116562892781e-001,	7.919869e-001,
4.008553397192806e-001,	9.169040e-001,
4.010418197027393e-001,	9.495946e-001,
4.012010521000101e-001,	9.636682e-001,
4.013509069529542e-001,	9.671665e-001,
4.015301069701107e-001,	9.588638e-001,
4.017626008566208e-001,	9.274808e-001,
4.021392619308771e-001,	8.340197e-001,
4.026275431808771e-001,	6.534442e-001,
4.030694239289920e-001,	4.400538e-001,
4.035345460614824e-001,	1.780364e-001,
4.040228273114824e-001,	-1.122710e-001,
4.044666795947947e-001,	-3.673396e-001,
4.049549608447947e-001,	-6.152202e-001,
4.053942648267087e-001,	-7.906104e-001,
4.058380741148017e-001,	-9.161153e-001,
4.060255592137894e-001,	-9.492288e-001,
4.061840816776122e-001,	-9.634149e-001,
4.063362424544814e-001,	-9.670867e-001,
4.065162711649990e-001,	-9.588499e-001,
4.067484577290807e-001,	-9.275869e-001,
4.071246304623873e-001,	-8.343602e-001,
4.076129117123873e-001,	-6.539371e-001,
4.080547666207814e-001,	-4.406105e-001,
4.085245783157411e-001,	-1.759408e-001,
4.090128595657411e-001,	1.143202e-001,
4.094574121840026e-001,	3.696323e-001,
4.099456934340026e-001,	6.171432e-001,
4.103848776792996e-001,	7.920069e-001,
4.108285641025053e-001,	9.169412e-001,
4.110150660248990e-001,	9.496415e-001,
4.111742829187044e-001,	9.637191e-001,
4.113240762555543e-001,	9.672199e-001,
4.115033646435841e-001,	9.589176e-001,
4.117358257589547e-001,	9.275448e-001,
4.121124347616362e-001,	8.341024e-001,
4.126007160116362e-001,	6.535324e-001,
4.130425964520210e-001,	4.401439e-001,
4.135076340859964e-001,	1.781688e-001,
4.139959153359964e-001,	-1.121530e-001,
4.144397637612954e-001,	-3.672408e-001,
4.149280450112954e-001,	-6.151533e-001,
4.153673543862835e-001,	-7.905790e-001,
4.158111692347289e-001,	-9.161192e-001,
4.159987094609169e-001,	-9.492565e-001,
4.161571930077627e-001,	-9.634480e-001,
4.163095081332076e-001,	-9.671289e-001,
4.164895646857768e-001,	-9.588943e-001,
4.167217409240853e-001,	-9.276326e-001,
4.170978972486887e-001,	-8.344077e-001,
4.175861784986887e-001,	-6.539798e-001,
4.180280347278245e-001,	-4.406464e-001,
4.184978024819772e-001,	-1.759923e-001,
4.189860837319772e-001,	1.142813e-001,
4.194306318576810e-001,	3.696046e-001,
4.199189131076810e-001,	6.171327e-001,
4.203580999928285e-001,	7.920135e-001,
4.208017891592142e-001,	9.169633e-001,
4.209883128485746e-001,	9.496732e-001,
4.211475143607713e-001,	9.637546e-001,
4.212972466656256e-001,	9.672582e-001,
4.214766227287609e-001,	9.589565e-001,
4.217090513306894e-001,	9.275945e-001,
4.220856086707050e-001,	8.341727e-001,
4.225738899207050e-001,	6.536115e-001,
4.230157696595649e-001,	4.402284e-001,
4.234807278518423e-001,	1.782968e-001,
4.239690091018423e-001,	-1.120351e-001,
4.244128546042096e-001,	-3.671387e-001,
4.249011358542096e-001,	-6.150790e-001,
4.253404502743410e-001,	-7.905373e-001,
4.257842703292699e-001,	-9.161105e-001,
4.259718641535648e-001,	-9.492707e-001,
4.261303098649392e-001,	-9.634675e-001,
4.262827750459502e-001,	-9.671572e-001,
4.264628586655541e-001,	-9.589251e-001,
4.266950248654885e-001,	-9.276654e-001,
4.270711652380412e-001,	-8.344439e-001,
4.275594464880412e-001,	-6.540139e-001,
4.280013036434765e-001,	-4.406770e-001,
4.284710327463207e-001,	-1.760391e-001,
4.289593139963207e-001,	1.142431e-001,
4.294038585639374e-001,	3.695745e-001,
4.298921398139374e-001,	6.171162e-001,
4.303313289934360e-001,	7.920111e-001,
4.307750205493083e-001,	9.169742e-001,
4.309615643834246e-001,	9.496927e-001,
4.311207516606419e-001,	9.637777e-001,
4.312704274836778e-001,	9.672837e-001,
4.314498846850927e-001,	9.589830e-001,
4.316822831974124e-001,	9.276316e-001,
4.320587927256492e-001,	8.342298e-001,
4.325470739756492e-001,	6.536787e-001,
4.329889527973765e-001,	4.403030e-001,
4.334538404614555e-001,	1.784126e-001,
4.339421217114555e-001,	-1.119257e-001,
4.343859650934777e-001,	-3.670418e-001,
4.348742463434777e-001,	-6.150055e-001,
4.353135652309677e-001,	-7.904919e-001,
4.357573898989746e-001,	-9.160942e-001,
4.359450325846268e-001,	-9.492751e-001,
4.361034438060076e-001,	-9.634767e-001,
4.362560457712726e-001,	-9.671746e-001,
4.364361540634954e-001,	-9.589449e-001,
4.366683111130478e-001,	-9.276873e-001,
4.370444369446183e-001,	-8.344699e-001,
4.375327181946183e-001,	-6.540399e-001,
4.379745759502413e-001,	-4.407018e-001,
4.384442726160175e-001,	-1.760793e-001,
4.389325538660175e-001,	1.142081e-001,
4.393770957215291e-001,	3.695451e-001,
4.398653769715291e-001,	6.170970e-001,
4.403045680603973e-001,	7.920031e-001,
4.407482616083620e-001,	9.169772e-001,
4.409348231102149e-001,	9.497030e-001,
4.410939979030337e-001,	9.637910e-001,
4.412436241906502e-001,	9.672994e-001,
4.414231525513416e-001,	9.589996e-001,
4.416555246744768e-001,	9.276576e-001,
4.420319922704425e-001,	8.342742e-001,
4.425202735204425e-001,	6.537334e-001,
4.429621513475255e-001,	4.403659e-001,
4.434269792969970e-001,	1.785122e-001,
4.439152605469970e-001,	-1.118298e-001,
4.443591024678480e-001,	-3.669554e-001,
4.448473837178480e-001,	-6.149378e-001,
4.452867063829271e-001,	-7.904475e-001,
4.457305349534804e-001,	-9.160744e-001,
4.459182199642782e-001,	-9.492729e-001,
4.460766013107657e-001,	-9.634787e-001,
4.462293217547836e-001,	-9.671838e-001,
4.464094514173377e-001,	-9.589561e-001,
4.466416005412132e-001,	-9.277008e-001,
4.470177137779596e-001,	-8.344874e-001,
4.475059950279596e-001,	-6.540585e-001,
4.479478531288349e-001,	-4.407208e-001,
4.484175237098187e-001,	-1.761123e-001,
4.489058049598187e-001,	1.141780e-001,
4.493503448328642e-001,	3.695185e-001,
4.498386260828642e-001,	6.170776e-001,
4.502778186976164e-001,	7.919922e-001,
4.507215138400415e-001,	9.169749e-001,
4.509080901471524e-001,	9.497066e-001,
4.510672544784292e-001,	9.637967e-001,
4.512168690000166e-001,	9.673071e-001,
4.513964383098693e-001,	9.590080e-001,
4.516287952470469e-001,	9.276714e-001,
4.520052387124424e-001,	8.342984e-001,
4.524935199624424e-001,	6.537635e-001,
4.529353973904394e-001,	4.404006e-001,
4.534001885326410e-001,	1.785697e-001,
4.538884697826410e-001,	-1.117740e-001,
4.543323103994431e-001,	-3.669044e-001,
4.548205916494431e-001,	-6.148973e-001,
4.552599165830744e-001,	-7.904203e-001,
4.557037475056312e-001,	-9.160612e-001,
4.558914575238625e-001,	-9.492701e-001,
4.560498212196276e-001,	-9.634781e-001,
4.562026116623553e-001,	-9.671874e-001,
4.563827539505860e-001,	-9.589609e-001,
4.566148983919311e-001,	-9.277067e-001,
4.569910041875755e-001,	-8.344959e-001,
4.574792854375755e-001,	-6.540678e-001,
4.579211438628671e-001,	-4.407306e-001,
4.583907973152906e-001,	-1.761317e-001,
4.588790785652906e-001,	1.141597e-001,
4.593236169520525e-001,	3.695016e-001,
4.598118982020525e-001,	6.170645e-001,
4.602510917775898e-001,	7.919838e-001,
4.606947879304165e-001,	9.169713e-001,
4.608813734419304e-001,	9.497067e-001,
4.610405312693621e-001,	9.637975e-001,
4.611901715964940e-001,	9.673091e-001,
4.613697455631667e-001,	9.590102e-001,
4.616021007733626e-001,	9.276738e-001,
4.619785414945672e-001,	8.343014e-001,
4.624668227445672e-001,	6.537662e-001,
4.629087006271236e-001,	4.404031e-001,
4.633734808566860e-001,	1.785782e-001,
4.638617621066860e-001,	-1.117660e-001,
4.643056013390877e-001,	-3.668964e-001,
4.647938825890877e-001,	-6.148908e-001,
4.652332080718264e-001,	-7.904159e-001,
4.656770395805021e-001,	-9.160590e-001,
4.658647542012158e-001,	-9.492695e-001,
4.660231146485089e-001,	-9.634778e-001,
4.661759179738442e-001,	-9.671876e-001,
4.663560625856982e-001,	-9.589611e-001,
4.665882061652721e-001,	-9.277070e-001,
4.669643105914574e-001,	-8.344963e-001,
4.674525918414574e-001,	-6.540681e-001,
4.678944506910776e-001,	-4.407308e-001,
4.683640960725726e-001,	-1.761366e-001,
4.688523773225726e-001,	1.141547e-001,
4.692969145662461e-001,	3.694961e-001,
4.697851958162461e-001,	6.170596e-001,
4.702243897702212e-001,	7.919800e-001,
4.706680863321812e-001,	9.169686e-001,
4.708546748185677e-001,	9.497049e-001,
4.710138305439627e-001,	9.637958e-001,
4.711634792114008e-001,	9.673078e-001,
4.713430546831453e-001,	9.590089e-001,
4.715754093351851e-001,	9.276724e-001,
4.719518491694737e-001,	8.343002e-001,
4.724401304194737e-001,	6.537652e-001,
4.728820086619737e-001,	4.404023e-001,
4.733467823671507e-001,	1.785817e-001,
4.738350636171507e-001,	-1.117620e-001,
4.742789019124959e-001,	-3.668916e-001,
4.747671831624959e-001,	-6.148860e-001,
4.752065089318183e-001,	-7.904117e-001,
4.756503407532071e-001,	-9.160554e-001,
4.758380576419224e-001,	-9.492667e-001,
4.759964164884459e-001,	-9.634750e-001,
4.761492261620141e-001,	-9.671851e-001,
4.763293719188909e-001,	-9.589586e-001,
4.765615150738055e-001,	-9.277045e-001,
4.769376188251556e-001,	-8.344941e-001,
4.774259000751556e-001,	-6.540663e-001,
4.778677592155822e-001,	-4.407296e-001,
4.783373994011195e-001,	-1.761393e-001,
4.788256806511195e-001,	1.141512e-001,
4.792702171762089e-001,	3.694915e-001,
4.797584984262089e-001,	6.170548e-001,
4.801976925967986e-001,	7.919753e-001,
4.806413893976951e-001,	9.169643e-001,
4.808279796639110e-001,	9.497011e-001,
4.809871341316864e-001,	9.637921e-001,
4.811367877890092e-001,	9.673043e-001,
4.813163641612154e-001,	9.590054e-001,
4.815487184793189e-001,	9.276691e-001,
4.819251577829789e-001,	8.342973e-001,
4.824134390329789e-001,	6.537630e-001,
4.828553175036661e-001,	4.404009e-001,
4.833200869947630e-001,	1.785838e-001,
4.838083682447630e-001,	-1.117588e-001,
4.842522059896530e-001,	-3.668872e-001,
4.847404872396530e-001,	-6.148812e-001,
4.851798131719949e-001,	-7.904066e-001,
4.856236451752941e-001,	-9.160506e-001,
4.858113634982245e-001,	-9.492622e-001,
4.859697213324720e-001,	-9.634706e-001,
4.861225350204578e-001,	-9.671808e-001,
4.863026815014095e-001,	-9.589545e-001,
4.865348243877835e-001,	-9.277005e-001,
4.869109277123899e-001,	-8.344907e-001,
4.873992089623899e-001,	-6.540638e-001,
4.878410682747617e-001,	-4.407280e-001,
4.883107052172044e-001,	-1.761408e-001,
4.887989864672044e-001,	1.141483e-001,
4.892435226090427e-001,	3.694874e-001,
4.897318038590427e-001,	6.170499e-001,
4.901709981445261e-001,	7.919701e-001,
4.906146950761180e-001,	9.169591e-001,
4.908012864526263e-001,	9.496962e-001,
4.909604401358751e-001,	9.637872e-001,
4.911100969059791e-001,	9.672996e-001,
4.912896738399094e-001,	9.590008e-001,
4.915220279496973e-001,	9.276648e-001,
4.918984669223417e-001,	8.342935e-001,
4.923867481723417e-001,	6.537603e-001,
4.928286267670022e-001,	4.403993e-001,
4.932933937545897e-001,	1.785849e-001,
4.937816750045897e-001,	-1.117561e-001,
4.942255124909516e-001,	-3.668833e-001,
4.947137937409516e-001,	-6.148763e-001,
4.951531197500418e-001,	-7.904014e-001,
4.955969518431148e-001,	-9.160452e-001,
4.957846710240057e-001,	-9.492571e-001,
4.959430282527011e-001,	-9.634655e-001,
4.960958443421444e-001,	-9.671759e-001,
4.962759912562434e-001,	-9.589496e-001,
4.965081339819742e-001,	-9.276959e-001,
4.968842370512992e-001,	-8.344868e-001,
4.973725183012992e-001,	-6.540610e-001,
4.978143776961089e-001,	-4.407264e-001,
4.982840128607860e-001,	-1.761417e-001,
4.987722941107860e-001,	1.141460e-001,
4.992168301145858e-001,	3.694838e-001,
4.997051113645858e-001,	6.217715e-001,
5.000000000000000e-001,	7.557815e-001,
