0.000000000000000e+000,	3.034342e-005
2.872309332889736e-004,	2.907646e-005
5.744618665779473e-004,	3.217247e-005
8.616927998669209e-004,	3.963143e-005
1.148923733155895e-003,	5.145335e-005
1.436154666444868e-003,	6.763823e-005
1.723385599733842e-003,	8.818607e-005
2.010616533022815e-003,	1.130969e-004
2.498897783022815e-003,	1.685086e-004
2.987179033022815e-003,	2.336667e-004
3.475460283022815e-003,	3.009182e-004
3.963741533022815e-003,	3.605272e-004
4.452022783022815e-003,	4.019884e-004
4.940304033022815e-003,	4.155332e-004
5.428585283022815e-003,	3.936333e-004
5.916866533022815e-003,	3.323024e-004
6.405147783022815e-003,	2.320179e-004
6.893429033022815e-003,	9.812778e-005
7.381710283022815e-003,	-5.933457e-005
7.869991533022815e-003,	-2.264321e-004
8.358272783022815e-003,	-3.866378e-004
8.846554033022815e-003,	-5.225472e-004
9.334835283022815e-003,	-6.178079e-004
9.823116533022815e-003,	-6.590491e-004
1.031139778302282e-002,	-6.375890e-004
1.079967903302282e-002,	-5.507149e-004
1.128796028302282e-002,	-4.023699e-004
1.177624153302282e-002,	-2.031458e-004
1.226452278302282e-002,	3.045102e-005
1.275280403302282e-002,	2.777198e-004
1.321291813045223e-002,	5.017234e-004
1.370119938045223e-002,	7.067234e-004
1.418948063045223e-002,	8.575909e-004
1.467776188045223e-002,	9.366552e-004
1.516604313045223e-002,	9.329302e-004
1.565432438045223e-002,	8.431842e-004
1.614260563045223e-002,	6.725736e-004
1.663088688045223e-002,	4.344401e-004
1.711916813045223e-002,	1.492672e-004
1.760744938045223e-002,	-1.574063e-004
1.807006979693132e-002,	-4.414345e-004
1.855835104693132e-002,	-7.060784e-004
1.904663229693132e-002,	-9.095044e-004
1.953491354693132e-002,	-1.030182e-003
2.002319479693132e-002,	-1.054316e-003
2.051147604693132e-002,	-9.771128e-004
2.099975729693132e-002,	-8.034632e-004
2.148803854693132e-002,	-5.476928e-004
2.197631979693132e-002,	-2.323697e-004
2.246460104693132e-002,	1.139116e-004
2.293181029796388e-002,	4.444633e-004
2.341240573128444e-002,	7.521507e-004
2.390068698128444e-002,	1.002193e-003
2.438896823128444e-002,	1.164782e-003
2.487724948128444e-002,	1.222888e-003
2.536553073128444e-002,	1.169410e-003
2.585381198128444e-002,	1.007811e-003
2.634209323128444e-002,	7.519263e-004
2.683037448128444e-002,	4.247660e-004
2.731865573128444e-002,	5.641361e-005
2.780693698128444e-002,	-3.198709e-004
2.824737702819813e-002,	-6.352330e-004
2.873565827819813e-002,	-9.265419e-004
2.922393952819813e-002,	-1.132279e-003
2.971222077819813e-002,	-1.231217e-003
3.020050202819813e-002,	-1.213194e-003
3.068878327819813e-002,	-1.079071e-003
3.117706452819813e-002,	-8.407286e-004
3.166515329021916e-002,	-5.201146e-004
3.215343454021916e-002,	-1.467217e-004
3.264171579021916e-002,	2.452320e-004
3.308683964872197e-002,	5.866663e-004
3.357512089872197e-002,	9.100517e-004
3.406340214872197e-002,	1.152443e-003
3.455168339872197e-002,	1.290025e-003
3.503996464872197e-002,	1.309613e-003
3.552824589872197e-002,	1.209133e-003
3.601652714872197e-002,	9.978373e-004
3.650480839872197e-002,	6.954396e-004
3.699308964872197e-002,	3.302587e-004
3.748137089872197e-002,	-6.391853e-005
3.793518943815867e-002,	-4.249270e-004
3.837214232586302e-002,	-7.367384e-004
3.886042357586302e-002,	-1.014886e-003
3.934870482586302e-002,	-1.197147e-003
3.983698607586302e-002,	-1.265103e-003
4.032526732586302e-002,	-1.212648e-003
4.081354857586302e-002,	-1.045012e-003
4.130182982586302e-002,	-7.782360e-004
4.179011107586302e-002,	-4.376270e-004
4.227839232586302e-002,	-5.505410e-005
4.271609899701198e-002,	2.950875e-004
4.315808369616930e-002,	6.252526e-004
4.364636494616930e-002,	9.326582e-004
4.413464619616930e-002,	1.154781e-003
4.462292744616930e-002,	1.270281e-003
4.511120869616930e-002,	1.268957e-003
4.559948994616930e-002,	1.151624e-003
4.608777119616930e-002,	9.299647e-004
4.657605244616930e-002,	6.253659e-004
4.706433369616930e-002,	2.668407e-004
4.755261494616930e-002,	-1.124522e-004
4.799773401745270e-002,	-4.461901e-004
4.846093143995886e-002,	-7.504595e-004
4.894921268995886e-002,	-9.977544e-004
4.943749393995886e-002,	-1.148806e-003
4.992577518995886e-002,	-1.189563e-003
5.041405643995886e-002,	-1.117202e-003
5.090233768995886e-002,	-9.395072e-004
5.139061893995886e-002,	-6.740416e-004
5.187890018995886e-002,	-3.464063e-004
5.236718143995886e-002,	1.248248e-005
5.283025601611974e-002,	3.521143e-004
5.326720491895141e-002,	6.435509e-004
5.375548616895141e-002,	9.087578e-004
5.424376741895141e-002,	1.089963e-003
5.473204866895141e-002,	1.169948e-003
5.522032991895141e-002,	1.142414e-003
5.570861116895141e-002,	1.011172e-003
5.619689241895141e-002,	7.896685e-004
5.668517366895141e-002,	4.996144e-004
5.717345491895141e-002,	1.687187e-004
5.761154183680978e-002,	-1.381986e-004
5.805392760142888e-002,	-4.317569e-004
5.853029464162205e-002,	-7.033497e-004
5.901857589162205e-002,	-9.117007e-004
5.950685714162205e-002,	-1.030953e-003
5.999513839162205e-002,	-1.050878e-003
6.048341964162205e-002,	-9.710059e-004
6.097170089162205e-002,	-8.001758e-004
6.145998214162205e-002,	-5.555760e-004
6.194826339162205e-002,	-2.610188e-004
6.243654464162205e-002,	5.582127e-005
6.288510182443359e-002,	3.415881e-004
6.332775565085741e-002,	5.938721e-004
6.381603690085741e-002,	8.157595e-004
6.430431815085741e-002,	9.616591e-004
6.479259940085741e-002,	1.018141e-003
6.528088065085741e-002,	9.813911e-004
6.576916190085741e-002,	8.563331e-004
6.625744315085741e-002,	6.560271e-004
6.674572440085741e-002,	4.003172e-004
6.723400565085741e-002,	1.136353e-004
6.767069206819300e-002,	-1.475794e-004
6.811155012061804e-002,	-3.934547e-004
6.859983137061804e-002,	-6.229918e-004
6.908811262061804e-002,	-7.895872e-004
6.957639387061804e-002,	-8.781315e-004
7.006467512061804e-002,	-8.818219e-004
7.055295637061804e-002,	-8.018647e-004
7.104123762061804e-002,	-6.472160e-004
7.152951887061804e-002,	-4.336051e-004
7.201780012061804e-002,	-1.819430e-004
7.250608137061804e-002,	8.423653e-005
7.294910349124142e-002,	3.171595e-004
7.341999962761352e-002,	5.340904e-004
7.390828087761352e-002,	7.079175e-004
7.439656212761352e-002,	8.152135e-004
7.488484337761352e-002,	8.469940e-004
7.537312462761352e-002,	8.018394e-004
7.586140587761352e-002,	6.854982e-004
7.634968712761352e-002,	5.102056e-004
7.683796837761352e-002,	2.934122e-004
7.732624962761352e-002,	5.573011e-005
7.776191191251780e-002,	-1.562122e-004
7.820153158247505e-002,	-3.516824e-004
7.868981283247505e-002,	-5.302432e-004
7.917809408247505e-002,	-6.547536e-004
7.966637533247505e-002,	-7.141237e-004
8.015465658247505e-002,	-7.043019e-004
8.064293783247505e-002,	-6.277385e-004
8.113121908247505e-002,	-4.930128e-004
8.161950033247505e-002,	-3.138980e-004
8.210778158247505e-002,	-1.079148e-004
8.254605818757467e-002,	8.433700e-005
8.298888988989145e-002,	2.694370e-004
8.346445516873241e-002,	4.416809e-004
8.395273641873241e-002,	5.761841e-004
8.444101766873241e-002,	6.565803e-004
8.492929891873241e-002,	6.765155e-004
8.541758016873241e-002,	6.356145e-004
8.590586141873241e-002,	5.391402e-004
8.639414266873241e-002,	3.973677e-004
8.688242391873241e-002,	2.245077e-004
8.737070516873241e-002,	3.699030e-005
8.780672096980678e-002,	-1.287778e-004
8.824650449023379e-002,	-2.800753e-004
8.873478574023379e-002,	-4.165334e-004
8.922306699023379e-002,	-5.097783e-004
8.971134824023379e-002,	-5.517057e-004
9.019962949023379e-002,	-5.397933e-004
9.068791074023379e-002,	-4.765594e-004
9.117619199023379e-002,	-3.691965e-004
9.166447324023379e-002,	-2.287798e-004
9.215275449023379e-002,	-6.906112e-005
9.259130483869184e-002,	7.875440e-005
9.303389840736555e-002,	2.194794e-004
9.352217965736555e-002,	3.523921e-004
9.401046090736555e-002,	4.516126e-004
9.449874215736555e-002,	5.085794e-004
9.498702340736555e-002,	5.192478e-004
9.547530465736555e-002,	4.839590e-004
9.596358590736555e-002,	4.072831e-004
9.645186715736555e-002,	2.974746e-004
9.694014840736555e-002,	1.656019e-004
9.742842965736555e-002,	2.418280e-005
9.786564545498311e-002,	-9.987164e-005
9.830637244823787e-002,	-2.117594e-004
9.879465369823787e-002,	-3.110272e-004
9.928293494823787e-002,	-3.772450e-004
9.977121619823787e-002,	-4.048459e-004
1.002594974482379e-001,	-3.924798e-004
1.007477786982379e-001,	-3.425182e-004
1.012360599482379e-001,	-2.607184e-004
1.017243411982379e-001,	-1.555867e-004
1.022126224482379e-001,	-3.750609e-005
1.031407331598704e-001,	1.829700e-004
1.036290144098704e-001,	2.761781e-004
1.041172956598704e-001,	3.434978e-004
1.046055769098704e-001,	3.792775e-004
1.050938581598704e-001,	3.812925e-004
1.055821394098704e-001,	3.504943e-004
1.060704206598704e-001,	2.908164e-004
1.070469831598704e-001,	1.124634e-004
1.080017620120618e-001,	-8.159592e-005
1.089310905614399e-001,	-2.239222e-004
1.094193718114399e-001,	-2.651364e-004
1.099076530614399e-001,	-2.786245e-004
1.103959343114399e-001,	-2.641582e-004
1.113724968114399e-001,	-1.629843e-004
1.123490593114399e-001,	-4.263603e-006
1.132800170588454e-001,	1.462611e-004
1.142565795588454e-001,	2.495100e-004
1.151309675359789e-001,	2.712253e-004
1.158767357487260e-001,	2.314306e-004
1.167030902581906e-001,	1.395370e-004
1.176796527581906e-001,	5.802186e-006
1.185751744174634e-001,	-1.027195e-004
1.195517369174634e-001,	-1.682118e-004
1.205282994174634e-001,	-1.621074e-004
1.215048619174634e-001,	-9.242570e-005
1.229387150329984e-001,	6.074944e-005
1.238788297600563e-001,	1.426530e-004
1.248553922600563e-001,	1.804364e-004
1.258319547600563e-001,	1.618338e-004
1.272967985100563e-001,	5.828093e-005
1.287300949425503e-001,	-5.188094e-005
1.297066574425503e-001,	-8.977090e-005
1.311715011925503e-001,	-6.818690e-005
1.326363449425503e-001,	1.587417e-005
1.340617771240843e-001,	9.184604e-005
1.355266208740843e-001,	1.120614e-004
1.361544110526557e-001,	9.091035e-005
1.367822012312271e-001,	7.003181e-005
1.374099914097986e-001,	4.942574e-005
1.380377815883700e-001,	2.909214e-005
1.386655717669414e-001,	9.031008e-006
1.392933619455129e-001,	-1.075766e-005
1.399211521240843e-001,	-3.027386e-005
1.406186967669414e-001,	-2.471666e-005
1.413162414097986e-001,	-1.667154e-005
1.420137860526557e-001,	-6.138498e-006
1.427113306955129e-001,	6.882472e-006
1.434088753383700e-001,	2.239137e-005
1.441064199812271e-001,	4.038819e-005
1.448039646240843e-001,	6.087294e-005
1.457107726597986e-001,	5.971757e-005
1.466175806955129e-001,	5.621586e-005
1.475243887312271e-001,	5.036783e-005
1.484311967669414e-001,	4.217347e-005
1.493380048026557e-001,	3.163277e-005
1.502448128383700e-001,	1.874575e-005
1.511516208740843e-001,	3.512399e-006
1.519886744455129e-001,	5.269343e-006
1.528257280169414e-001,	8.844897e-006
1.536627815883700e-001,	1.423906e-005
1.544998351597986e-001,	2.145183e-005
1.553368887312271e-001,	3.048321e-005
1.561739423026557e-001,	4.133320e-005
1.570109958740843e-001,	5.400180e-005
1.578480494455129e-001,	5.464418e-005
1.586851030169414e-001,	5.255612e-005
1.595221565883700e-001,	4.773762e-005
1.603592101597986e-001,	4.018869e-005
1.611962637312271e-001,	2.990932e-005
1.620333173026557e-001,	1.689952e-005
1.628703708740843e-001,	1.159284e-006
1.637074244455129e-001,	5.060580e-006
1.645444780169414e-001,	1.101534e-005
1.653815315883700e-001,	1.902356e-005
1.662185851597986e-001,	2.908524e-005
1.670556387312271e-001,	4.120039e-005
1.678926923026557e-001,	5.536900e-005
1.687297458740843e-001,	7.159107e-005
1.694970449812271e-001,	6.129928e-005
1.702643440883700e-001,	5.054715e-005
1.710316431955129e-001,	3.933467e-005
1.717989423026557e-001,	2.766185e-005
1.725662414097986e-001,	1.552869e-005
1.733335405169414e-001,	2.935174e-006
1.741008396240843e-001,	-1.011868e-005
1.747983842669414e-001,	1.654606e-006
1.754959289097986e-001,	1.381142e-005
1.761934735526557e-001,	2.635176e-005
1.768910181955129e-001,	3.927563e-005
1.775885628383700e-001,	5.258302e-005
1.782861074812271e-001,	6.627394e-005
1.789836521240843e-001,	8.034839e-005
1.796811967669414e-001,	7.086237e-005
1.803787414097986e-001,	6.015897e-005
1.810762860526557e-001,	4.823818e-005
1.817738306955129e-001,	3.510000e-005
1.824713753383700e-001,	2.074444e-005
1.831689199812271e-001,	5.171484e-006
1.838664646240843e-001,	-1.161886e-005
1.845640092669414e-001,	-4.284661e-006
1.852615539097986e-001,	5.029430e-006
1.859590985526557e-001,	1.632341e-005
1.866566431955129e-001,	2.959729e-005
1.873541878383700e-001,	4.485106e-005
1.880517324812271e-001,	6.208473e-005
1.887492771240843e-001,	8.129828e-005
1.894468217669414e-001,	7.666698e-005
1.901443664097986e-001,	6.938522e-005
1.908419110526557e-001,	5.945301e-005
1.915394556955129e-001,	4.687033e-005
1.922370003383700e-001,	3.163720e-005
1.929345449812271e-001,	1.375362e-005
1.936320896240843e-001,	-6.780429e-006
1.943296342669414e-001,	-4.431858e-006
1.950271789097986e-001,	1.119427e-006
1.957247235526557e-001,	9.873427e-006
1.964222681955129e-001,	2.183014e-005
1.971198128383700e-001,	3.698957e-005
1.978173574812271e-001,	5.535172e-005
1.985149021240843e-001,	7.691658e-005
1.992124467669414e-001,	7.707512e-005
1.999099914097986e-001,	7.359705e-005
2.006075360526557e-001,	6.648234e-005
2.013050806955129e-001,	5.573102e-005
2.020026253383700e-001,	4.134307e-005
2.027001699812271e-001,	2.331850e-005
2.033977146240843e-001,	1.657300e-006
2.040952592669414e-001,	-4.512093e-007
2.047928039097986e-001,	1.379801e-006
2.054903485526557e-001,	7.150330e-006
2.061878931955129e-001,	1.686038e-005
2.068854378383700e-001,	3.050995e-005
2.075829824812271e-001,	4.809903e-005
2.082805271240843e-001,	6.962764e-005
2.090478262312271e-001,	7.198830e-005
2.098151253383700e-001,	7.045488e-005
2.105824244455129e-001,	6.502736e-005
2.113497235526557e-001,	5.570575e-005
2.121170226597986e-001,	4.249006e-005
2.128843217669414e-001,	2.538027e-005
2.136516208740843e-001,	4.376392e-006
2.144189199812271e-001,	7.225924e-006
2.151862190883700e-001,	1.240123e-005
2.159535181955129e-001,	1.990230e-005
2.167208173026557e-001,	2.972914e-005
2.174881164097986e-001,	4.188176e-005
2.182554155169414e-001,	5.636014e-005
2.190227146240843e-001,	7.316429e-005
2.197900137312271e-001,	6.626884e-005
2.205573128383700e-001,	5.850766e-005
2.213246119455129e-001,	4.988076e-005
2.220919110526557e-001,	4.038814e-005
2.228592101597986e-001,	3.002980e-005
2.236265092669414e-001,	1.880573e-005
2.243938083740843e-001,	6.715936e-006
2.252308619455129e-001,	1.906860e-005
2.260679155169414e-001,	3.009609e-005
2.269049690883700e-001,	3.979843e-005
2.277420226597986e-001,	4.817560e-005
2.285790762312271e-001,	5.522760e-005
2.294161298026557e-001,	6.095445e-005
2.302531833740843e-001,	6.535613e-005
2.312995003383700e-001,	4.424427e-005
2.323458173026557e-001,	2.927111e-005
2.333921342669414e-001,	2.043664e-005
2.344384512312271e-001,	1.774086e-005
2.354847681955129e-001,	2.118379e-005
2.365310851597986e-001,	3.076540e-005
2.375774021240843e-001,	4.648571e-005
2.385539646240843e-001,	5.226944e-005
2.395305271240843e-001,	5.481628e-005
2.405070896240843e-001,	5.412623e-005
2.414836521240843e-001,	5.019930e-005
2.424602146240843e-001,	4.303547e-005
2.434367771240843e-001,	3.263476e-005
2.444133396240843e-001,	1.899717e-005
2.455294110526557e-001,	3.155199e-005
2.466454824812271e-001,	4.085709e-005
2.477615539097986e-001,	4.691244e-005
2.488776253383700e-001,	4.971806e-005
2.499936967669414e-001,	4.927394e-005
2.511097681955128e-001,	4.558009e-005
2.522258396240843e-001,	3.863650e-005
2.534116655169414e-001,	3.433727e-005
2.545974914097986e-001,	3.197778e-005
2.557833173026557e-001,	3.155804e-005
2.569691431955128e-001,	3.307803e-005
2.581549690883700e-001,	3.653776e-005
2.593407949812271e-001,	4.193723e-005
2.605266208740843e-001,	4.927644e-005
2.620612190883700e-001,	4.177290e-005
2.635958173026557e-001,	3.645578e-005
2.651304155169414e-001,	3.332506e-005
2.666650137312271e-001,	3.238076e-005
2.681996119455128e-001,	3.362287e-005
2.697342101597986e-001,	3.705140e-005
2.712688083740843e-001,	4.266634e-005
2.744775137312271e-001,	3.976330e-005
2.776862190883700e-001,	3.736591e-005
2.808949244455129e-001,	3.547417e-005
2.841036298026557e-001,	3.408806e-005
2.873123351597986e-001,	3.320760e-005
2.905210405169414e-001,	3.283279e-005
2.937297458740843e-001,	3.296361e-005
2.961013976597986e-001,	3.280586e-005
2.984730494455128e-001,	3.263042e-005
3.008447012312271e-001,	3.243729e-005
3.032163530169414e-001,	3.222647e-005
3.055880048026557e-001,	3.199796e-005
3.079596565883700e-001,	3.175176e-005
3.103313083740843e-001,	3.148786e-005
3.113078708740843e-001,	3.180438e-005
3.122844333740843e-001,	3.185605e-005
3.132609958740843e-001,	3.164289e-005
3.142375583740843e-001,	3.116489e-005
3.152141208740843e-001,	3.042206e-005
3.161906833740843e-001,	2.941439e-005
3.171672458740843e-001,	2.814189e-005
3.196784065883700e-001,	2.817046e-005
3.221895673026557e-001,	2.818480e-005
3.247007280169414e-001,	2.818490e-005
3.272118887312271e-001,	2.817076e-005
3.297230494455129e-001,	2.814238e-005
3.322342101597986e-001,	2.809975e-005
3.347453708740843e-001,	2.804289e-005
3.390003931955128e-001,	2.645844e-005
3.432554155169414e-001,	2.521640e-005
3.475104378383700e-001,	2.431678e-005
3.517654601597986e-001,	2.375957e-005
3.560204824812271e-001,	2.354477e-005
3.602755048026557e-001,	2.367239e-005
3.645305271240843e-001,	2.414243e-005
3.733893440883700e-001,	2.275849e-005
3.822481610526557e-001,	2.180896e-005
3.911069780169414e-001,	2.129382e-005
3.999657949812271e-001,	2.121308e-005
4.088246119455129e-001,	2.156674e-005
4.176834289097986e-001,	2.235480e-005
4.265422458740843e-001,	2.357726e-005
4.303787414097986e-001,	2.397463e-005
4.342152369455128e-001,	2.441705e-005
4.380517324812271e-001,	2.490451e-005
4.418882280169414e-001,	2.543702e-005
4.457247235526557e-001,	2.601457e-005
4.495612190883700e-001,	2.663716e-005
4.533977146240843e-001,	2.730480e-005
4.555601030169414e-001,	2.767213e-005
4.577224914097986e-001,	2.804660e-005
4.598848798026557e-001,	2.842823e-005
4.620472681955128e-001,	2.881700e-005
4.642096565883700e-001,	2.921292e-005
4.663720449812271e-001,	2.961599e-005
4.685344333740843e-001,	3.002622e-005
4.694412414097986e-001,	3.013492e-005
4.703480494455128e-001,	3.025866e-005
4.712548574812271e-001,	3.039744e-005
4.721616655169414e-001,	3.055125e-005
4.730684735526557e-001,	3.072010e-005
4.739752815883700e-001,	3.090398e-005
4.748820896240843e-001,	3.110290e-005
4.807414646240843e-001,	3.212689e-005
4.833921342669414e-001,	3.259199e-005
4.860428039097986e-001,	3.305172e-005
4.886934735526557e-001,	3.350606e-005
4.913441431955129e-001,	3.395502e-005
4.939948128383700e-001,	3.439860e-005
4.966454824812271e-001,	3.483681e-005
4.992961521240843e-001,	3.526963e-005
4.997844333740843e-001,	3.532845e-005
5.000000000000000e-001,	3.535303e-005
